1634776335.304|342:[0, 128, 0, 0, 0, 0, 0, 0]
1634776335.305|Accelerator Position Percent:0.3921568627450981
1634776335.305|Throttle Position:8.23529411764706
1634776335.305|321:[132, 38, 211, 41, 0, 128, 190, 8]
1634776335.306|322:[132, 38, 0, 0, 0, 0, 0, 0]
1634776335.306|324:[192, 0, 0, 85, 38, 164, 160, 0]
1634776335.306|338:[240, 215, 0, 0, 0, 1, 8, 0]
1634776335.307|Steering Angle One:3737.5
1634776335.315|Accelerator Position Percent:0.3921568627450981
1634776335.315|Throttle Position:8.23529411764706
1634776335.315|321:[132, 38, 211, 41, 0, 128, 190, 8]
1634776335.316|322:[132, 38, 0, 0, 0, 0, 0, 0]
1634776335.316|Steering Angle Two:8.1
1634776335.316|:-0.0
1634776335.316|:51.0
1634776335.316|:-25.5
1634776335.316|Speed:0
1634776335.316|Brake Pressure:0.0
1634776335.316|210:[0, 0, 255, 255, 0, 0, 0, 0]
1634776335.316|211:[0, 0, 6, 192, 100, 0, 0, 91]
1634776335.317|Wheel Speed FL:0
1634776335.317|Wheel Speed FR:0
1634776335.317|Wheel Speed RL:0
1634776335.317|Wheel Speed RR:0
1634776335.317|642:[119, 82, 75, 128, 128, 1, 32, 0]
1634776335.317|Steering Angle One:3737.5
1634776335.321|882:[0, 240, 1, 0, 0, 0, 0, 0]
1634776335.325|Accelerator Position Percent:0.3921568627450981
1634776335.325|Throttle Position:8.23529411764706
1634776335.325|321:[132, 38, 211, 41, 0, 128, 190, 8]
1634776335.326|322:[132, 38, 0, 0, 0, 0, 0, 0]
1634776335.326|324:[192, 0, 0, 85, 38, 164, 160, 0]
1634776335.326|338:[240, 231, 0, 0, 0, 1, 8, 0]
1634776335.327|Steering Angle One:3737.5
1634776335.328|342:[0, 128, 0, 0, 0, 0, 0, 0]
1634776335.328|880:[0, 0, 35, 1, 0, 15, 0, 0]
1634776335.335|Accelerator Position Percent:0.3921568627450981
1634776335.335|Throttle Position:8.23529411764706
1634776335.335|321:[132, 38, 211, 41, 0, 128, 190, 8]
1634776335.336|322:[132, 38, 0, 0, 0, 0, 0, 0]
1634776335.336|Steering Angle Two:8.1
1634776335.336|:-0.0
1634776335.336|:51.0
1634776335.336|:-25.5
1634776335.336|Speed:0
1634776335.336|Brake Pressure:0.0
1634776335.336|210:[0, 0, 255, 255, 0, 0, 0, 0]
1634776335.336|211:[0, 0, 6, 192, 100, 0, 0, 92]
1634776335.337|Wheel Speed FL:0
1634776335.337|Wheel Speed FR:0
1634776335.337|Wheel Speed RL:0
1634776335.337|Wheel Speed RR:0
1634776335.337|864:[0, 0, 64, 64, 218, 0, 1, 0]
1634776335.337|865:[6, 9, 0, 216, 33, 96, 122, 107]
1634776335.337|Steering Angle One:3737.5
1634776335.345|342:[0, 128, 0, 0, 0, 0, 0, 0]
1634776335.345|Accelerator Position Percent:0.3921568627450981
1634776335.345|Throttle Position:8.23529411764706
1634776335.345|321:[132, 38, 211, 41, 0, 128, 190, 8]
1634776335.346|322:[132, 38, 0, 0, 0, 0, 0, 0]
1634776335.346|324:[192, 0, 0, 85, 38, 164, 160, 0]
1634776335.346|338:[240, 247, 0, 0, 0, 1, 8, 0]
1634776335.347|Steering Angle One:3737.5
1634776335.354|1090:[64, 2, 0, 0, 0, 0, 0, 0]
1634776335.355|Accelerator Position Percent:0.3921568627450981
1634776335.355|Throttle Position:8.23529411764706
1634776335.355|321:[132, 38, 211, 41, 0, 128, 190, 8]
1634776335.356|322:[132, 38, 0, 0, 0, 0, 0, 0]
1634776335.356|Steering Angle Two:8.1
1634776335.356|:-0.0
1634776335.356|:51.0
1634776335.356|:-25.5
1634776335.356|Speed:0
1634776335.356|Brake Pressure:0.0
1634776335.356|210:[0, 0, 255, 255, 0, 0, 0, 0]
1634776335.356|211:[0, 0, 6, 192, 100, 0, 0, 93]
1634776335.357|Wheel Speed FL:0
1634776335.357|Wheel Speed FR:0
1634776335.357|Wheel Speed RL:0
1634776335.357|Wheel Speed RR:0
1634776335.357|Steering Angle One:3737.5
1634776335.364|342:[0, 128, 0, 0, 0, 0, 0, 0]
1634776335.365|Accelerator Position Percent:0.3921568627450981
1634776335.365|Throttle Position:8.23529411764706
1634776335.365|321:[132, 38, 211, 41, 0, 128, 190, 8]
1634776335.366|322:[132, 38, 0, 0, 0, 0, 0, 0]
1634776335.366|324:[192, 0, 0, 85, 38, 164, 160, 0]
1634776335.366|338:[240, 7, 0, 0, 0, 1, 8, 0]
1634776335.367|Steering Angle One:3737.5
1634776335.375|Accelerator Position Percent:0.3921568627450981
1634776335.375|Throttle Position:8.23529411764706
1634776335.375|321:[132, 38, 211, 41, 0, 128, 190, 8]
1634776335.376|322:[132, 38, 0, 0, 0, 0, 0, 0]
1634776335.376|Steering Angle Two:8.1
1634776335.376|:-0.0
1634776335.376|:51.0
1634776335.376|:-25.5
1634776335.376|Speed:0
1634776335.376|Brake Pressure:0.0
1634776335.376|210:[0, 0, 255, 255, 0, 0, 0, 0]
1634776335.376|211:[0, 0, 6, 192, 100, 0, 0, 94]
1634776335.377|Wheel Speed FL:0
1634776335.377|Wheel Speed FR:0
1634776335.377|Wheel Speed RL:0
1634776335.377|Wheel Speed RR:0
1634776335.377|642:[119, 98, 75, 128, 128, 1, 32, 0]
1634776335.377|Steering Angle One:3737.5
1634776335.379|880:[0, 0, 35, 1, 0, 0, 0, 0]
1634776335.385|Accelerator Position Percent:0.3921568627450981
1634776335.385|Throttle Position:8.23529411764706
1634776335.385|321:[132, 38, 211, 41, 0, 128, 190, 8]
1634776335.386|322:[132, 38, 0, 0, 0, 0, 0, 0]
1634776335.386|324:[192, 0, 0, 85, 38, 164, 160, 0]
1634776335.386|338:[240, 23, 0, 0, 0, 1, 8, 0]
1634776335.386|864:[0, 0, 64, 64, 218, 0, 1, 0]
1634776335.387|865:[6, 9, 0, 216, 34, 64, 122, 108]
1634776335.387|Steering Angle One:3737.5
1634776335.388|342:[0, 128, 0, 0, 0, 0, 0, 0]
1634776335.395|Accelerator Position Percent:0.3921568627450981
1634776335.395|Throttle Position:8.23529411764706
1634776335.395|321:[132, 38, 211, 41, 0, 128, 190, 8]
1634776335.396|322:[132, 38, 0, 0, 0, 0, 0, 0]
1634776335.396|Steering Angle Two:8.1
1634776335.396|:-0.0
1634776335.396|:51.0
1634776335.396|:-25.5
1634776335.396|Speed:0
1634776335.396|Brake Pressure:0.0
1634776335.396|210:[0, 0, 255, 255, 0, 0, 0, 0]
1634776335.397|211:[0, 0, 6, 192, 100, 0, 0, 95]
1634776335.397|Wheel Speed FL:0
1634776335.397|Wheel Speed FR:0
1634776335.397|Wheel Speed RL:0
1634776335.397|Wheel Speed RR:0
1634776335.397|Steering Angle One:3737.5
1634776335.404|342:[0, 128, 0, 0, 0, 0, 0, 0]
1634776335.405|Accelerator Position Percent:0.3921568627450981
1634776335.405|Throttle Position:8.23529411764706
1634776335.405|321:[132, 38, 211, 41, 0, 128, 190, 8]
1634776335.406|322:[132, 38, 0, 0, 0, 0, 0, 0]
1634776335.406|324:[192, 0, 0, 85, 38, 164, 160, 0]
1634776335.406|338:[240, 39, 0, 0, 0, 1, 8, 0]
1634776335.407|Steering Angle One:3737.5
1634776335.415|Accelerator Position Percent:0.3921568627450981
1634776335.415|Throttle Position:8.23529411764706
1634776335.415|321:[132, 38, 211, 41, 0, 128, 190, 8]
1634776335.416|322:[132, 38, 0, 0, 0, 0, 0, 0]
1634776335.416|Steering Angle Two:8.1
1634776335.416|:-0.0
1634776335.416|:51.0
1634776335.416|:-25.5
1634776335.416|Speed:0
1634776335.416|Brake Pressure:0.0
1634776335.416|210:[0, 0, 255, 255, 0, 0, 0, 0]
1634776335.416|211:[0, 0, 6, 192, 100, 0, 0, 96]
1634776335.417|Wheel Speed FL:0
1634776335.417|Wheel Speed FR:0
1634776335.417|Wheel Speed RL:0
1634776335.417|Wheel Speed RR:0
1634776335.417|Steering Angle One:3737.5
1634776335.421|882:[0, 0, 1, 0, 0, 0, 0, 0]
1634776335.424|342:[0, 128, 0, 0, 0, 0, 0, 0]
1634776335.425|Accelerator Position Percent:0.3921568627450981
1634776335.425|Throttle Position:8.23529411764706
1634776335.425|321:[132, 38, 211, 41, 0, 128, 190, 8]
1634776335.426|322:[132, 38, 0, 0, 0, 0, 0, 0]
1634776335.426|324:[192, 0, 0, 85, 38, 164, 160, 0]
1634776335.426|338:[240, 55, 0, 0, 0, 1, 8, 0]
1634776335.427|Steering Angle One:3737.5
1634776335.429|880:[0, 0, 35, 1, 0, 1, 0, 0]
1634776335.435|Accelerator Position Percent:0.3921568627450981
1634776335.435|Throttle Position:8.23529411764706
1634776335.435|321:[132, 38, 211, 41, 0, 128, 190, 8]
1634776335.436|322:[132, 38, 0, 0, 0, 0, 0, 0]
1634776335.436|Steering Angle Two:8.1
1634776335.436|:-0.0
1634776335.436|:51.0
1634776335.436|:-25.5
1634776335.436|Speed:0
1634776335.436|Brake Pressure:0.0
1634776335.436|210:[0, 0, 255, 255, 0, 0, 0, 0]
1634776335.436|211:[0, 0, 6, 192, 100, 0, 0, 97]
1634776335.437|Wheel Speed FL:0
1634776335.437|Wheel Speed FR:0
1634776335.437|Wheel Speed RL:0
1634776335.437|Wheel Speed RR:0
1634776335.437|642:[119, 114, 75, 128, 128, 1, 32, 0]
1634776335.437|864:[0, 0, 64, 64, 218, 0, 1, 0]
1634776335.437|Steering Angle One:3737.5
1634776335.438|865:[6, 9, 0, 216, 35, 96, 122, 107]
1634776335.438|1761:[161, 128, 0, 0, 0, 112, 0, 0]
1634776335.445|Accelerator Position Percent:0.3921568627450981
1634776335.445|Throttle Position:8.23529411764706
1634776335.445|321:[132, 38, 211, 41, 0, 128, 190, 8]
1634776335.446|322:[132, 38, 0, 0, 0, 0, 0, 0]
1634776335.446|324:[192, 0, 0, 85, 38, 164, 160, 0]
1634776335.446|1088:[66, 2, 0, 0, 0, 0, 0, 0]
1634776335.447|Steering Angle One:3737.5
1634776335.448|342:[0, 128, 0, 0, 0, 0, 0, 0]
1634776335.451|338:[240, 71, 0, 0, 0, 1, 8, 0]
1634776335.455|Accelerator Position Percent:0.3921568627450981
1634776335.455|Throttle Position:8.23529411764706
1634776335.455|321:[132, 38, 211, 41, 0, 128, 190, 8]
1634776335.456|322:[132, 38, 0, 0, 0, 0, 0, 0]
1634776335.456|Steering Angle Two:8.1
1634776335.456|:-0.0
1634776335.456|:51.0
1634776335.456|:-25.5
1634776335.456|Speed:0
1634776335.456|Brake Pressure:0.0
1634776335.456|210:[0, 0, 255, 255, 0, 0, 0, 0]
1634776335.457|211:[0, 0, 6, 192, 100, 0, 0, 98]
1634776335.457|Wheel Speed FL:0
1634776335.457|Wheel Speed FR:0
1634776335.457|Wheel Speed RL:0
1634776335.457|Wheel Speed RR:0
1634776335.457|Steering Angle One:3737.5
1634776335.464|342:[0, 128, 0, 0, 0, 0, 0, 0]
1634776335.465|Accelerator Position Percent:0.3921568627450981
1634776335.465|Throttle Position:8.23529411764706
1634776335.465|321:[132, 38, 211, 41, 0, 128, 190, 8]
1634776335.466|322:[132, 38, 0, 0, 0, 0, 0, 0]
1634776335.466|324:[192, 0, 0, 85, 38, 164, 160, 0]
1634776335.466|338:[240, 87, 0, 0, 0, 1, 8, 0]
1634776335.467|Steering Angle One:3737.5
1634776335.475|Accelerator Position Percent:0.3921568627450981
1634776335.475|Throttle Position:8.23529411764706
1634776335.475|321:[132, 38, 211, 41, 0, 128, 190, 8]
1634776335.476|322:[132, 38, 0, 0, 0, 0, 0, 0]
1634776335.476|Steering Angle Two:8.1
1634776335.476|:-0.0
1634776335.476|:51.0
1634776335.476|:-25.5
1634776335.476|Speed:0
1634776335.476|Brake Pressure:0.0
1634776335.476|210:[0, 0, 255, 255, 0, 0, 0, 0]
1634776335.476|211:[0, 0, 6, 192, 100, 0, 0, 99]
1634776335.477|Wheel Speed FL:0
1634776335.477|Wheel Speed FR:0
1634776335.477|Wheel Speed RL:0
1634776335.477|Wheel Speed RR:0
1634776335.478|Steering Angle One:3737.5
1634776335.48|880:[0, 0, 35, 1, 0, 2, 0, 0]
1634776335.484|342:[0, 128, 0, 0, 0, 0, 0, 0]
1634776335.485|Accelerator Position Percent:0.3921568627450981
1634776335.485|Throttle Position:8.23529411764706
1634776335.485|321:[132, 38, 211, 41, 0, 128, 190, 8]
1634776335.486|322:[132, 38, 0, 0, 0, 0, 0, 0]
1634776335.486|324:[192, 0, 0, 85, 38, 164, 160, 0]
1634776335.486|338:[240, 103, 0, 0, 0, 1, 8, 0]
1634776335.486|864:[0, 0, 64, 64, 218, 0, 1, 0]
1634776335.487|865:[6, 9, 0, 216, 36, 112, 122, 107]
1634776335.487|Steering Angle One:3737.5
1634776335.495|Accelerator Position Percent:0.3921568627450981
1634776335.495|Throttle Position:8.23529411764706
1634776335.495|321:[132, 38, 211, 41, 0, 128, 190, 8]
1634776335.496|322:[132, 38, 0, 0, 0, 0, 0, 0]
1634776335.496|Steering Angle Two:8.1
1634776335.496|:-0.0
1634776335.496|:51.0
1634776335.496|:-25.5
1634776335.496|Speed:0
1634776335.496|Brake Pressure:0.0
1634776335.496|210:[0, 0, 255, 255, 0, 0, 0, 0]
1634776335.496|211:[0, 0, 6, 192, 100, 0, 0, 100]
1634776335.497|Wheel Speed FL:0
1634776335.497|Wheel Speed FR:0
1634776335.497|Wheel Speed RL:0
1634776335.497|Wheel Speed RR:0
1634776335.497|642:[119, 130, 75, 128, 128, 1, 32, 0]
1634776335.497|Steering Angle One:3737.5
1634776335.505|Accelerator Position Percent:0.3921568627450981
1634776335.505|Throttle Position:8.23529411764706
1634776335.505|321:[132, 38, 211, 41, 0, 128, 190, 8]
1634776335.506|322:[132, 38, 0, 0, 0, 0, 0, 0]
1634776335.506|324:[192, 0, 0, 85, 38, 164, 160, 0]
1634776335.506|338:[240, 119, 0, 0, 0, 1, 8, 0]
1634776335.507|Steering Angle One:3737.5
1634776335.508|342:[0, 128, 0, 0, 0, 0, 0, 0]
1634776335.515|Accelerator Position Percent:0.3921568627450981
1634776335.515|Throttle Position:8.23529411764706
1634776335.515|321:[132, 38, 211, 41, 0, 128, 190, 8]
1634776335.516|322:[132, 38, 0, 0, 0, 0, 0, 0]
1634776335.516|Steering Angle Two:8.1
1634776335.516|:-0.0
1634776335.516|:51.0
1634776335.516|:-25.5
1634776335.516|Speed:0
1634776335.516|Brake Pressure:0.0
1634776335.516|210:[0, 0, 255, 255, 0, 0, 0, 0]
1634776335.516|211:[0, 0, 6, 192, 100, 0, 0, 101]
1634776335.517|Wheel Speed FL:0
1634776335.517|Wheel Speed FR:0
1634776335.517|Wheel Speed RL:0
1634776335.517|Wheel Speed RR:0
1634776335.517|Steering Angle One:3737.5
1634776335.521|882:[0, 16, 1, 0, 0, 0, 0, 0]
1634776335.524|342:[0, 128, 0, 0, 0, 0, 0, 0]
1634776335.525|Accelerator Position Percent:0.3921568627450981
1634776335.525|Throttle Position:8.23529411764706
1634776335.525|321:[132, 38, 211, 41, 0, 128, 190, 8]
1634776335.526|322:[132, 38, 0, 0, 0, 0, 0, 0]
1634776335.526|324:[192, 0, 0, 85, 38, 164, 160, 0]
1634776335.526|338:[240, 135, 0, 0, 0, 1, 8, 0]
1634776335.527|Steering Angle One:3737.5
1634776335.53|880:[0, 0, 35, 1, 0, 3, 0, 0]
1634776335.535|Accelerator Position Percent:0.3921568627450981
1634776335.535|Throttle Position:8.23529411764706
1634776335.535|321:[132, 38, 211, 41, 0, 128, 190, 8]
1634776335.536|322:[132, 38, 0, 0, 0, 0, 0, 0]
1634776335.536|Steering Angle Two:8.1
1634776335.536|:-0.0
1634776335.536|:51.0
1634776335.536|:-25.5
1634776335.536|Speed:0
1634776335.536|Brake Pressure:0.0
1634776335.536|210:[0, 0, 255, 255, 0, 0, 0, 0]
1634776335.536|211:[0, 0, 6, 192, 100, 0, 0, 102]
1634776335.537|Wheel Speed FL:0
1634776335.537|Wheel Speed FR:0
1634776335.537|Wheel Speed RL:0
1634776335.537|Wheel Speed RR:0
1634776335.537|864:[0, 0, 64, 64, 218, 0, 1, 0]
1634776335.537|865:[6, 9, 0, 216, 37, 80, 122, 108]
1634776335.537|Steering Angle One:3737.5
1634776335.544|1090:[64, 2, 0, 0, 0, 0, 0, 0]
1634776335.545|342:[0, 128, 0, 0, 0, 0, 0, 0]
1634776335.545|Accelerator Position Percent:0.3921568627450981
1634776335.545|Throttle Position:8.23529411764706
1634776335.545|321:[132, 38, 211, 41, 0, 128, 190, 8]
1634776335.546|322:[132, 38, 0, 0, 0, 0, 0, 0]
1634776335.546|324:[192, 0, 0, 85, 38, 164, 160, 0]
1634776335.546|338:[240, 151, 0, 0, 0, 1, 8, 0]
1634776335.547|Steering Angle One:3737.5
1634776335.555|Accelerator Position Percent:0.3921568627450981
1634776335.555|Throttle Position:8.23529411764706
1634776335.555|321:[132, 38, 211, 41, 0, 128, 190, 8]
1634776335.556|Steering Angle Two:8.1
1634776335.556|:-0.0
1634776335.556|:51.0
1634776335.556|:-25.5
1634776335.556|Speed:0
1634776335.556|Brake Pressure:0.0
1634776335.556|210:[0, 0, 255, 255, 0, 0, 0, 0]
1634776335.556|211:[0, 0, 6, 192, 100, 0, 0, 103]
1634776335.557|Wheel Speed FL:0
1634776335.557|Wheel Speed FR:0
1634776335.557|Wheel Speed RL:0
1634776335.557|Wheel Speed RR:0
1634776335.557|322:[132, 38, 0, 0, 0, 0, 0, 0]
1634776335.557|642:[119, 146, 75, 128, 128, 1, 32, 0]
1634776335.557|Steering Angle One:3737.5
1634776335.565|Accelerator Position Percent:0.3921568627450981
1634776335.565|Throttle Position:8.23529411764706
1634776335.565|321:[132, 38, 211, 41, 0, 128, 190, 8]
1634776335.566|322:[132, 38, 0, 0, 0, 0, 0, 0]
1634776335.566|324:[192, 0, 0, 85, 38, 164, 160, 0]
1634776335.566|338:[240, 167, 0, 0, 0, 1, 8, 0]
1634776335.567|Steering Angle One:3737.5
1634776335.568|342:[0, 128, 0, 0, 0, 0, 0, 0]
1634776335.575|Accelerator Position Percent:0.3921568627450981
1634776335.575|Throttle Position:8.23529411764706
1634776335.575|321:[132, 38, 211, 41, 0, 128, 190, 8]
1634776335.576|322:[132, 38, 0, 0, 0, 0, 0, 0]
1634776335.576|Steering Angle Two:8.1
1634776335.576|:-0.0
1634776335.576|:51.0
1634776335.576|:-25.5
1634776335.576|Speed:0
1634776335.576|Brake Pressure:0.0
1634776335.576|210:[0, 0, 255, 255, 0, 0, 0, 0]
1634776335.576|211:[0, 0, 6, 192, 100, 0, 0, 104]
1634776335.577|Wheel Speed FL:0
1634776335.577|Wheel Speed FR:0
1634776335.577|Wheel Speed RL:0
1634776335.577|Wheel Speed RR:0
1634776335.577|Steering Angle One:3737.5
1634776335.581|880:[0, 0, 35, 1, 0, 4, 0, 0]
1634776335.584|342:[0, 128, 0, 0, 0, 0, 0, 0]
1634776335.585|Accelerator Position Percent:0.3921568627450981
1634776335.585|Throttle Position:8.23529411764706
1634776335.585|321:[132, 38, 211, 41, 0, 128, 190, 8]
1634776335.586|322:[132, 38, 0, 0, 0, 0, 0, 0]
1634776335.586|324:[192, 0, 0, 85, 38, 164, 160, 0]
1634776335.586|338:[240, 183, 0, 0, 0, 1, 8, 0]
1634776335.586|864:[0, 0, 64, 64, 218, 0, 1, 0]
1634776335.587|865:[6, 9, 0, 216, 38, 32, 122, 108]
1634776335.587|Steering Angle One:3737.5
1634776335.595|Accelerator Position Percent:0.3921568627450981
1634776335.595|Throttle Position:8.23529411764706
1634776335.595|321:[132, 38, 211, 41, 0, 128, 190, 8]
1634776335.596|322:[132, 38, 0, 0, 0, 0, 0, 0]
1634776335.596|Steering Angle Two:8.1
1634776335.596|:-0.0
1634776335.596|:51.0
1634776335.596|:-25.5
1634776335.596|Speed:0
1634776335.596|Brake Pressure:0.0
1634776335.596|210:[0, 0, 255, 255, 0, 0, 0, 0]
1634776335.596|211:[0, 0, 6, 192, 100, 0, 0, 105]
1634776335.597|Wheel Speed FL:0
1634776335.597|Wheel Speed FR:0
1634776335.597|Wheel Speed RL:0
1634776335.597|Wheel Speed RR:0
1634776335.597|Steering Angle One:3737.5
1634776335.604|342:[0, 128, 0, 0, 0, 0, 0, 0]
1634776335.605|Accelerator Position Percent:0.3921568627450981
1634776335.605|Throttle Position:8.23529411764706
1634776335.605|321:[132, 38, 211, 41, 0, 128, 190, 8]
1634776335.606|322:[132, 38, 0, 0, 0, 0, 0, 0]
1634776335.606|324:[192, 0, 0, 85, 38, 164, 160, 0]
1634776335.606|338:[240, 199, 0, 0, 0, 1, 8, 0]
1634776335.607|Steering Angle One:3737.5
1634776335.615|Accelerator Position Percent:0.3921568627450981
1634776335.615|Throttle Position:8.23529411764706
1634776335.615|321:[132, 38, 211, 41, 0, 128, 190, 8]
1634776335.616|322:[132, 38, 0, 0, 0, 0, 0, 0]
1634776335.616|Steering Angle Two:8.1
1634776335.616|:-0.0
1634776335.616|:51.0
1634776335.616|:-25.5
1634776335.616|Speed:0
1634776335.616|Brake Pressure:0.0
1634776335.616|210:[0, 0, 255, 255, 0, 0, 0, 0]
1634776335.616|211:[0, 0, 6, 192, 100, 0, 0, 106]
1634776335.617|Wheel Speed FL:0
1634776335.617|Wheel Speed FR:0
1634776335.617|Wheel Speed RL:0
1634776335.617|Wheel Speed RR:0
1634776335.617|642:[119, 162, 75, 128, 128, 1, 32, 0]
1634776335.617|884:[0, 0, 0, 1, 0, 0, 0, 0]
1634776335.617|Steering Angle One:3737.5
1634776335.621|882:[0, 32, 1, 0, 0, 0, 0, 0]
1634776335.625|Accelerator Position Percent:0.3921568627450981
1634776335.625|Throttle Position:8.23529411764706
1634776335.625|321:[132, 38, 211, 41, 0, 128, 190, 8]
1634776335.626|322:[132, 38, 0, 0, 0, 0, 0, 0]
1634776335.626|324:[192, 0, 0, 85, 38, 164, 160, 0]
1634776335.626|338:[240, 215, 0, 0, 0, 1, 8, 0]
1634776335.627|Steering Angle One:3737.5
1634776335.628|342:[0, 128, 0, 0, 0, 0, 0, 0]
1634776335.631|880:[0, 0, 35, 1, 0, 5, 0, 0]
1634776335.635|Accelerator Position Percent:0.3921568627450981
1634776335.635|Throttle Position:8.23529411764706
1634776335.635|321:[132, 38, 211, 41, 0, 128, 190, 8]
1634776335.636|322:[132, 38, 0, 0, 0, 0, 0, 0]
1634776335.636|Steering Angle Two:8.1
1634776335.636|:-0.0
1634776335.636|:51.0
1634776335.636|:-25.5
1634776335.636|Speed:0
1634776335.636|Brake Pressure:0.0
1634776335.636|210:[0, 0, 255, 255, 0, 0, 0, 0]
1634776335.636|211:[0, 0, 6, 192, 100, 0, 0, 107]
1634776335.637|Wheel Speed FL:0
1634776335.637|Wheel Speed FR:0
1634776335.637|Wheel Speed RL:0
1634776335.637|Wheel Speed RR:0
1634776335.637|864:[0, 0, 64, 64, 218, 0, 1, 0]
1634776335.637|865:[6, 9, 0, 216, 39, 112, 122, 107]
1634776335.637|Steering Angle One:3737.5
1634776335.638|1088:[66, 2, 0, 0, 0, 0, 0, 0]
1634776335.641|885:[0, 1, 0, 4, 0, 0, 0, 16]
1634776335.644|342:[0, 128, 0, 0, 0, 0, 0, 0]
1634776335.645|Accelerator Position Percent:0.3921568627450981
1634776335.645|Throttle Position:8.23529411764706
1634776335.645|321:[132, 38, 211, 41, 0, 128, 190, 8]
1634776335.646|322:[132, 38, 0, 0, 0, 0, 0, 0]
1634776335.646|324:[192, 0, 0, 85, 38, 164, 160, 0]
1634776335.647|338:[240, 231, 0, 0, 0, 1, 8, 0]
1634776335.647|Steering Angle One:3737.5
1634776335.655|Accelerator Position Percent:0.3921568627450981
1634776335.655|Throttle Position:8.23529411764706
1634776335.655|321:[132, 38, 211, 41, 0, 128, 190, 8]
1634776335.656|322:[132, 38, 0, 0, 0, 0, 0, 0]
1634776335.656|Steering Angle Two:8.1
1634776335.656|:-0.0
1634776335.656|:51.0
1634776335.656|:-25.5
1634776335.656|Speed:0
1634776335.656|Brake Pressure:0.0
1634776335.656|210:[0, 0, 255, 255, 0, 0, 0, 0]
1634776335.656|211:[0, 0, 6, 192, 100, 0, 0, 108]
1634776335.657|Wheel Speed FL:0
1634776335.657|Wheel Speed FR:0
1634776335.657|Wheel Speed RL:0
1634776335.657|Wheel Speed RR:0
1634776335.657|1595:[0, 0, 26, 123, 0, 0, 40, 228]
1634776335.657|Steering Angle One:3737.5
1634776335.664|342:[0, 128, 0, 0, 0, 0, 0, 0]
1634776335.665|Accelerator Position Percent:0.3921568627450981
1634776335.665|Throttle Position:8.23529411764706
1634776335.665|321:[132, 38, 211, 41, 0, 128, 190, 8]
1634776335.666|322:[132, 38, 0, 0, 0, 0, 0, 0]
1634776335.666|324:[192, 0, 0, 85, 38, 164, 160, 0]
1634776335.666|338:[240, 247, 0, 0, 0, 1, 8, 0]
1634776335.667|Steering Angle One:3737.5
1634776335.675|Accelerator Position Percent:0.3921568627450981
1634776335.675|Throttle Position:8.23529411764706
1634776335.675|321:[132, 38, 211, 41, 0, 128, 190, 8]
1634776335.676|322:[132, 38, 0, 0, 0, 0, 0, 0]
1634776335.676|Steering Angle Two:8.1
1634776335.676|:-0.0
1634776335.676|:51.0
1634776335.676|:-25.5
1634776335.676|Speed:0
1634776335.676|Brake Pressure:0.0
1634776335.676|210:[0, 0, 255, 255, 0, 0, 0, 0]
1634776335.676|211:[0, 0, 6, 192, 100, 0, 0, 109]
1634776335.677|Wheel Speed FL:0
1634776335.677|Wheel Speed FR:0
1634776335.677|Wheel Speed RL:0
1634776335.677|Wheel Speed RR:0
1634776335.677|642:[119, 178, 75, 128, 128, 1, 32, 0]
1634776335.677|Steering Angle One:3737.5
1634776335.682|880:[0, 0, 35, 1, 0, 6, 0, 0]
1634776335.685|Accelerator Position Percent:0.3921568627450981
1634776335.685|Throttle Position:8.23529411764706
1634776335.685|321:[132, 38, 211, 41, 0, 128, 190, 8]
1634776335.686|322:[132, 38, 0, 0, 0, 0, 0, 0]
1634776335.686|324:[192, 0, 0, 85, 38, 164, 160, 0]
1634776335.686|338:[240, 7, 0, 0, 0, 1, 8, 0]
1634776335.686|864:[0, 0, 64, 64, 218, 0, 1, 0]
1634776335.687|865:[6, 9, 0, 216, 40, 96, 122, 107]
1634776335.687|Steering Angle One:3737.5
1634776335.688|342:[0, 128, 0, 0, 0, 0, 0, 0]
1634776335.695|Accelerator Position Percent:0.3921568627450981
1634776335.695|Throttle Position:8.23529411764706
1634776335.695|321:[132, 38, 211, 41, 0, 128, 190, 8]
1634776335.696|322:[132, 38, 0, 0, 0, 0, 0, 0]
1634776335.696|Steering Angle Two:8.1
1634776335.696|:-0.0
1634776335.696|:51.0
1634776335.696|:-25.5
1634776335.696|Speed:0
1634776335.696|Brake Pressure:0.0
1634776335.696|210:[0, 0, 255, 255, 0, 0, 0, 0]
1634776335.696|211:[0, 0, 6, 192, 100, 0, 0, 110]
1634776335.697|Wheel Speed FL:0
1634776335.697|Wheel Speed FR:0
1634776335.697|Wheel Speed RL:0
1634776335.697|Wheel Speed RR:0
1634776335.697|Steering Angle One:3737.5
1634776335.704|342:[0, 128, 0, 0, 0, 0, 0, 0]
1634776335.705|Accelerator Position Percent:0.3921568627450981
1634776335.705|Throttle Position:8.23529411764706
1634776335.705|321:[132, 38, 211, 41, 0, 128, 190, 8]
1634776335.706|322:[132, 38, 0, 0, 0, 0, 0, 0]
1634776335.706|324:[192, 0, 0, 85, 38, 164, 160, 0]
1634776335.706|338:[240, 23, 0, 0, 0, 1, 8, 0]
1634776335.707|Steering Angle One:3737.5
1634776335.715|Accelerator Position Percent:0.3921568627450981
1634776335.715|Throttle Position:8.23529411764706
1634776335.715|321:[132, 38, 211, 41, 0, 128, 190, 8]
1634776335.716|Steering Angle Two:8.1
1634776335.716|:-0.0
1634776335.716|:51.0
1634776335.716|:-25.5
1634776335.716|Speed:0
1634776335.716|Brake Pressure:0.0
1634776335.716|210:[0, 0, 255, 255, 0, 0, 0, 0]
1634776335.716|211:[0, 0, 6, 192, 100, 0, 0, 111]
1634776335.717|Wheel Speed FL:0
1634776335.717|Wheel Speed FR:0
1634776335.717|Wheel Speed RL:0
1634776335.717|Wheel Speed RR:0
1634776335.717|322:[132, 38, 0, 0, 0, 0, 0, 0]
1634776335.717|Steering Angle One:3737.5
1634776335.721|882:[0, 48, 1, 0, 0, 0, 0, 0]
1634776335.724|342:[0, 128, 0, 0, 0, 0, 0, 0]
1634776335.725|Accelerator Position Percent:0.3921568627450981
1634776335.725|Throttle Position:8.23529411764706
1634776335.725|321:[132, 38, 211, 41, 0, 128, 190, 8]
1634776335.726|322:[132, 38, 0, 0, 0, 0, 0, 0]
1634776335.726|324:[192, 0, 0, 85, 38, 164, 160, 0]
1634776335.726|338:[240, 39, 0, 0, 0, 1, 8, 0]
1634776335.727|Steering Angle One:3737.5
1634776335.732|880:[0, 0, 35, 1, 0, 7, 0, 0]
1634776335.734|1090:[64, 2, 0, 0, 0, 0, 0, 0]
1634776335.735|Accelerator Position Percent:0.3921568627450981
1634776335.735|Throttle Position:8.23529411764706
1634776335.735|321:[132, 38, 211, 41, 0, 128, 190, 8]
1634776335.736|322:[132, 38, 0, 0, 0, 0, 0, 0]
1634776335.736|Steering Angle Two:8.1
1634776335.736|:-0.0
1634776335.736|:51.0
1634776335.736|:-25.5
1634776335.736|Speed:0
1634776335.736|Brake Pressure:0.0
1634776335.736|210:[0, 0, 255, 255, 0, 0, 0, 0]
1634776335.737|211:[0, 0, 6, 192, 100, 0, 0, 112]
1634776335.737|Wheel Speed FL:0
1634776335.737|Wheel Speed FR:0
1634776335.737|Wheel Speed RL:0
1634776335.737|Wheel Speed RR:0
1634776335.737|642:[119, 194, 75, 128, 128, 1, 32, 0]
1634776335.737|864:[0, 0, 64, 64, 218, 0, 1, 0]
1634776335.737|Steering Angle One:3737.5
1634776335.738|865:[6, 9, 0, 216, 41, 48, 122, 107]
1634776335.745|Accelerator Position Percent:0.3921568627450981
1634776335.745|Throttle Position:8.23529411764706
1634776335.745|321:[132, 38, 211, 41, 0, 128, 190, 8]
1634776335.746|322:[132, 38, 0, 0, 0, 0, 0, 0]
1634776335.746|324:[192, 0, 0, 85, 38, 164, 160, 0]
1634776335.746|338:[240, 55, 0, 0, 0, 1, 8, 0]
1634776335.747|Steering Angle One:3737.5
1634776335.748|342:[0, 128, 0, 0, 0, 0, 0, 0]
1634776335.755|Accelerator Position Percent:0.3921568627450981
1634776335.755|Throttle Position:8.23529411764706
1634776335.755|321:[132, 38, 211, 41, 0, 128, 190, 8]
1634776335.756|322:[132, 38, 0, 0, 0, 0, 0, 0]
1634776335.756|Steering Angle Two:8.1
1634776335.756|:-0.0
1634776335.756|:51.0
1634776335.756|:-25.5
1634776335.756|Speed:0
1634776335.756|Brake Pressure:0.0
1634776335.756|210:[0, 0, 255, 255, 0, 0, 0, 0]
1634776335.757|211:[0, 0, 6, 192, 100, 0, 0, 113]
1634776335.757|Wheel Speed FL:0
1634776335.757|Wheel Speed FR:0
1634776335.757|Wheel Speed RL:0
1634776335.757|Wheel Speed RR:0
1634776335.757|Steering Angle One:3737.5
1634776335.764|342:[0, 128, 0, 0, 0, 0, 0, 0]
1634776335.765|Accelerator Position Percent:0.3921568627450981
1634776335.765|Throttle Position:8.23529411764706
1634776335.765|321:[132, 38, 211, 41, 0, 128, 190, 8]
1634776335.766|322:[132, 38, 0, 0, 0, 0, 0, 0]
1634776335.766|324:[192, 0, 0, 85, 38, 164, 160, 0]
1634776335.766|338:[240, 71, 0, 0, 0, 1, 8, 0]
1634776335.767|Steering Angle One:3737.5
1634776335.775|Accelerator Position Percent:0.3921568627450981
1634776335.775|Throttle Position:8.23529411764706
1634776335.775|321:[132, 38, 211, 41, 0, 128, 190, 8]
1634776335.776|322:[132, 38, 0, 0, 0, 0, 0, 0]
1634776335.776|Steering Angle Two:8.1
1634776335.776|:-0.0
1634776335.776|:51.0
1634776335.776|:-25.5
1634776335.776|Speed:0
1634776335.776|Brake Pressure:0.0
1634776335.776|210:[0, 0, 255, 255, 0, 0, 0, 0]
1634776335.777|211:[0, 0, 6, 192, 100, 0, 0, 114]
1634776335.777|Wheel Speed FL:0
1634776335.777|Wheel Speed FR:0
1634776335.777|Wheel Speed RL:0
1634776335.777|Wheel Speed RR:0
1634776335.777|Steering Angle One:3737.5
1634776335.783|880:[0, 0, 35, 1, 0, 8, 0, 0]
1634776335.784|342:[0, 128, 0, 0, 0, 0, 0, 0]
1634776335.785|Accelerator Position Percent:0.3921568627450981
1634776335.785|Throttle Position:8.23529411764706
1634776335.785|321:[132, 38, 211, 41, 0, 128, 190, 8]
1634776335.786|322:[132, 38, 0, 0, 0, 0, 0, 0]
1634776335.786|324:[192, 0, 0, 85, 38, 164, 160, 0]
1634776335.786|338:[240, 87, 0, 0, 0, 1, 8, 0]
1634776335.786|864:[0, 0, 64, 64, 218, 0, 1, 0]
1634776335.787|865:[6, 9, 0, 216, 42, 96, 122, 107]
1634776335.787|Steering Angle One:3737.5
1634776335.795|Accelerator Position Percent:0.3921568627450981
1634776335.795|Throttle Position:8.23529411764706
1634776335.795|321:[132, 38, 211, 41, 0, 128, 190, 8]
1634776335.796|322:[132, 38, 0, 0, 0, 0, 0, 0]
1634776335.796|Steering Angle Two:8.1
1634776335.796|:-0.0
1634776335.796|:51.0
1634776335.796|:-25.5
1634776335.796|Speed:0
1634776335.796|Brake Pressure:0.0
1634776335.796|210:[0, 0, 255, 255, 0, 0, 0, 0]
1634776335.797|211:[0, 0, 6, 192, 100, 0, 0, 115]
1634776335.797|Wheel Speed FL:0
1634776335.797|Wheel Speed FR:0
1634776335.797|Wheel Speed RL:0
1634776335.797|Wheel Speed RR:0
1634776335.797|642:[119, 210, 75, 128, 128, 1, 32, 0]
1634776335.797|Steering Angle One:3737.5
1634776335.805|Accelerator Position Percent:0.3921568627450981
1634776335.805|Throttle Position:8.23529411764706
1634776335.805|321:[132, 38, 211, 41, 0, 128, 190, 8]
1634776335.806|322:[132, 38, 0, 0, 0, 0, 0, 0]
1634776335.806|324:[192, 0, 0, 85, 38, 164, 160, 0]
1634776335.806|338:[240, 103, 0, 0, 0, 1, 8, 0]
1634776335.807|Steering Angle One:3737.5
1634776335.808|342:[0, 128, 0, 0, 0, 0, 0, 0]
1634776335.815|Accelerator Position Percent:0.3921568627450981
1634776335.815|Throttle Position:8.23529411764706
1634776335.815|321:[132, 38, 211, 41, 0, 128, 190, 8]
1634776335.816|322:[132, 38, 0, 0, 0, 0, 0, 0]
1634776335.816|Steering Angle Two:8.1
1634776335.816|:-0.0
1634776335.816|:51.0
1634776335.816|:-25.5
1634776335.816|Speed:0
1634776335.816|Brake Pressure:0.0
1634776335.816|210:[0, 0, 255, 255, 0, 0, 0, 0]
1634776335.817|211:[0, 0, 6, 192, 100, 0, 0, 116]
1634776335.817|Wheel Speed FL:0
1634776335.817|Wheel Speed FR:0
1634776335.817|Wheel Speed RL:0
1634776335.817|Wheel Speed RR:0
1634776335.817|Steering Angle One:3737.5
1634776335.821|882:[0, 64, 1, 0, 0, 0, 0, 0]
1634776335.824|342:[0, 128, 0, 0, 0, 0, 0, 0]
1634776335.825|Accelerator Position Percent:0.3921568627450981
1634776335.825|Throttle Position:8.23529411764706
1634776335.825|321:[132, 38, 211, 41, 0, 128, 190, 8]
1634776335.826|322:[132, 38, 0, 0, 0, 0, 0, 0]
1634776335.826|324:[192, 0, 0, 85, 38, 164, 160, 0]
1634776335.826|1088:[66, 2, 0, 0, 0, 0, 0, 0]
1634776335.827|Steering Angle One:3737.5
1634776335.83|338:[240, 119, 0, 0, 0, 1, 8, 0]
1634776335.834|880:[0, 0, 35, 1, 0, 9, 0, 0]
1634776335.835|Accelerator Position Percent:0.3921568627450981
1634776335.835|Throttle Position:8.23529411764706
1634776335.835|321:[132, 38, 211, 41, 0, 128, 190, 8]
1634776335.836|322:[132, 38, 0, 0, 0, 0, 0, 0]
1634776335.836|Steering Angle Two:8.1
1634776335.836|:-0.0
1634776335.836|:51.0
1634776335.836|:-25.5
1634776335.836|Speed:0
1634776335.836|Brake Pressure:0.0
1634776335.836|210:[0, 0, 255, 255, 0, 0, 0, 0]
1634776335.837|211:[0, 0, 6, 192, 100, 0, 0, 117]
1634776335.837|Wheel Speed FL:0
1634776335.837|Wheel Speed FR:0
1634776335.837|Wheel Speed RL:0
1634776335.837|Wheel Speed RR:0
1634776335.837|864:[0, 0, 64, 64, 218, 0, 1, 0]
1634776335.837|865:[6, 9, 0, 216, 43, 96, 122, 108]
1634776335.837|Steering Angle One:3737.5
1634776335.842|1222:[7, 0, 0, 0, 0, 0, 0, 0]
1634776335.844|342:[0, 128, 0, 0, 0, 0, 0, 0]
1634776335.845|Accelerator Position Percent:0.3921568627450981
1634776335.845|Throttle Position:8.23529411764706
1634776335.845|321:[132, 38, 211, 41, 0, 128, 190, 8]
1634776335.846|322:[132, 38, 0, 0, 0, 0, 0, 0]
1634776335.846|324:[192, 0, 0, 85, 38, 164, 160, 0]
1634776335.846|338:[240, 135, 0, 0, 0, 1, 8, 0]
1634776335.847|Steering Angle One:3737.5
1634776335.855|Accelerator Position Percent:0.3921568627450981
1634776335.855|Throttle Position:8.23529411764706
1634776335.855|321:[132, 38, 211, 41, 0, 128, 190, 8]
1634776335.856|322:[132, 38, 0, 0, 0, 0, 0, 0]
1634776335.856|Steering Angle Two:8.1
1634776335.856|:-0.0
1634776335.856|:51.0
1634776335.856|:-25.5
1634776335.856|Speed:0
1634776335.856|Brake Pressure:0.0
1634776335.856|210:[0, 0, 255, 255, 0, 0, 0, 0]
1634776335.857|211:[0, 0, 6, 192, 100, 0, 0, 118]
1634776335.857|Wheel Speed FL:0
1634776335.857|Wheel Speed FR:0
1634776335.857|Wheel Speed RL:0
1634776335.857|Wheel Speed RR:0
1634776335.857|642:[119, 226, 75, 128, 128, 1, 32, 0]
1634776335.857|Steering Angle One:3737.5
1634776335.865|Accelerator Position Percent:0.3921568627450981
1634776335.865|Throttle Position:8.23529411764706
1634776335.865|321:[132, 38, 211, 41, 0, 128, 190, 8]
1634776335.866|322:[132, 38, 0, 0, 0, 0, 0, 0]
1634776335.866|324:[192, 0, 0, 85, 38, 164, 160, 0]
1634776335.866|338:[240, 151, 0, 0, 0, 1, 8, 0]
1634776335.867|Steering Angle One:3737.5
1634776335.867|342:[0, 128, 0, 0, 0, 0, 0, 0]
1634776335.875|Accelerator Position Percent:0.3921568627450981
1634776335.875|Throttle Position:8.23529411764706
1634776335.875|321:[132, 38, 211, 41, 0, 128, 190, 8]
1634776335.876|322:[132, 38, 0, 0, 0, 0, 0, 0]
1634776335.876|Steering Angle Two:8.1
1634776335.876|:-0.0
1634776335.876|:51.0
1634776335.876|:-25.5
1634776335.876|Speed:0
1634776335.876|Brake Pressure:0.0
1634776335.876|210:[0, 0, 255, 255, 0, 0, 0, 0]
1634776335.877|211:[0, 0, 6, 192, 100, 0, 0, 119]
1634776335.877|Wheel Speed FL:0
1634776335.877|Wheel Speed FR:0
1634776335.877|Wheel Speed RL:0
1634776335.877|Wheel Speed RR:0
1634776335.877|Steering Angle One:3737.5
1634776335.884|342:[0, 128, 0, 0, 0, 0, 0, 0]
1634776335.884|880:[0, 0, 35, 1, 0, 10, 0, 0]
1634776335.885|Accelerator Position Percent:0.3921568627450981
1634776335.885|Throttle Position:8.23529411764706
1634776335.885|321:[132, 38, 211, 41, 0, 128, 190, 8]
1634776335.886|322:[132, 38, 0, 0, 0, 0, 0, 0]
1634776335.886|324:[192, 0, 0, 85, 38, 164, 160, 0]
1634776335.886|338:[240, 167, 0, 0, 0, 1, 8, 0]
1634776335.886|864:[0, 0, 64, 64, 218, 0, 1, 0]
1634776335.887|865:[6, 9, 0, 216, 44, 80, 122, 108]
1634776335.887|Steering Angle One:3737.5
1634776335.895|Accelerator Position Percent:0.3921568627450981
1634776335.895|Throttle Position:8.23529411764706
1634776335.895|321:[132, 38, 211, 41, 0, 128, 190, 8]
1634776335.896|322:[132, 38, 0, 0, 0, 0, 0, 0]
1634776335.896|Steering Angle Two:8.1
1634776335.896|:-0.0
1634776335.896|:51.0
1634776335.896|:-25.5
1634776335.896|Speed:0
1634776335.896|Brake Pressure:0.0
1634776335.896|210:[0, 0, 255, 255, 0, 0, 0, 0]
1634776335.897|211:[0, 0, 6, 192, 100, 0, 0, 120]
1634776335.897|Wheel Speed FL:0
1634776335.897|Wheel Speed FR:0
1634776335.897|Wheel Speed RL:0
1634776335.897|Wheel Speed RR:0
1634776335.897|Steering Angle One:3737.5
1634776335.904|342:[0, 128, 0, 0, 0, 0, 0, 0]
1634776335.905|Accelerator Position Percent:0.3921568627450981
1634776335.905|Throttle Position:8.23529411764706
1634776335.905|321:[132, 38, 211, 41, 0, 128, 190, 8]
1634776335.906|322:[132, 38, 0, 0, 0, 0, 0, 0]
1634776335.906|324:[192, 0, 0, 85, 38, 164, 160, 0]
1634776335.906|338:[240, 183, 0, 0, 0, 1, 8, 0]
1634776335.907|Steering Angle One:3737.5
1634776335.915|Accelerator Position Percent:0.3921568627450981
1634776335.915|Throttle Position:8.23529411764706
1634776335.915|321:[132, 38, 211, 41, 0, 128, 190, 8]
1634776335.916|322:[132, 38, 0, 0, 0, 0, 0, 0]
1634776335.916|Steering Angle Two:8.1
1634776335.916|:-0.0
1634776335.916|:51.0
1634776335.916|:-25.5
1634776335.916|Speed:0
1634776335.916|Brake Pressure:0.0
1634776335.916|210:[0, 0, 255, 255, 0, 0, 0, 0]
1634776335.917|211:[0, 0, 6, 192, 100, 0, 0, 121]
1634776335.917|Wheel Speed FL:0
1634776335.917|Wheel Speed FR:0
1634776335.917|Wheel Speed RL:0
1634776335.917|Wheel Speed RR:0
1634776335.917|642:[119, 242, 75, 128, 128, 1, 32, 0]
1634776335.917|Steering Angle One:3737.5
1634776335.921|882:[0, 80, 1, 0, 0, 0, 0, 0]
1634776335.924|1090:[64, 2, 0, 0, 0, 0, 0, 0]
1634776335.925|Accelerator Position Percent:0.3921568627450981
1634776335.925|Throttle Position:8.23529411764706
1634776335.925|321:[132, 38, 211, 41, 0, 128, 190, 8]
1634776335.926|322:[132, 38, 0, 0, 0, 0, 0, 0]
1634776335.926|324:[192, 0, 0, 85, 38, 164, 160, 0]
1634776335.926|338:[240, 199, 0, 0, 0, 1, 8, 0]
1634776335.927|342:[0, 128, 0, 0, 0, 0, 0, 0]
1634776335.927|Steering Angle One:3737.5
1634776335.935|880:[0, 0, 35, 1, 0, 11, 0, 0]
1634776335.935|Accelerator Position Percent:0.3921568627450981
1634776335.935|Throttle Position:8.23529411764706
1634776335.935|321:[132, 38, 211, 41, 0, 128, 190, 8]
1634776335.936|322:[132, 38, 0, 0, 0, 0, 0, 0]
1634776335.936|Steering Angle Two:8.1
1634776335.936|:-0.0
1634776335.936|:51.0
1634776335.936|:-25.5
1634776335.936|Speed:0
1634776335.936|Brake Pressure:0.0
1634776335.936|210:[0, 0, 255, 255, 0, 0, 0, 0]
1634776335.937|211:[0, 0, 6, 192, 100, 0, 0, 122]
1634776335.937|Wheel Speed FL:0
1634776335.937|Wheel Speed FR:0
1634776335.937|Wheel Speed RL:0
1634776335.937|Wheel Speed RR:0
1634776335.937|864:[0, 0, 64, 64, 218, 0, 1, 0]
1634776335.937|Steering Angle One:3737.5
1634776335.937|865:[6, 9, 0, 216, 45, 96, 122, 107]
1634776335.944|342:[0, 128, 0, 0, 0, 0, 0, 0]
1634776335.945|Accelerator Position Percent:0.3921568627450981
1634776335.945|Throttle Position:8.23529411764706
1634776335.945|321:[132, 38, 211, 41, 0, 128, 190, 8]
1634776335.946|322:[132, 38, 0, 0, 0, 0, 0, 0]
1634776335.946|324:[192, 0, 0, 85, 38, 164, 160, 0]
1634776335.946|338:[240, 215, 0, 0, 0, 1, 8, 0]
1634776335.947|Steering Angle One:3737.5
1634776335.955|Accelerator Position Percent:0.3921568627450981
1634776335.955|Throttle Position:8.23529411764706
1634776335.955|321:[132, 38, 211, 41, 0, 128, 190, 8]
1634776335.956|322:[132, 38, 0, 0, 0, 0, 0, 0]
1634776335.956|Steering Angle Two:8.1
1634776335.956|:-0.0
1634776335.956|:51.0
1634776335.956|:-25.5
1634776335.956|Speed:0
1634776335.956|Brake Pressure:0.0
1634776335.956|210:[0, 0, 255, 255, 0, 0, 0, 0]
1634776335.957|211:[0, 0, 6, 192, 100, 0, 0, 123]
1634776335.957|Wheel Speed FL:0
1634776335.957|Wheel Speed FR:0
1634776335.957|Wheel Speed RL:0
1634776335.957|Wheel Speed RR:0
1634776335.957|Steering Angle One:3737.5
1634776335.964|342:[0, 128, 0, 0, 0, 0, 0, 0]
1634776335.965|Accelerator Position Percent:0.3921568627450981
1634776335.965|Throttle Position:8.23529411764706
1634776335.965|321:[132, 38, 211, 41, 0, 128, 190, 8]
1634776335.966|322:[132, 38, 0, 0, 0, 0, 0, 0]
1634776335.966|324:[192, 0, 0, 85, 38, 164, 160, 0]
1634776335.966|338:[240, 231, 0, 0, 0, 1, 8, 0]
1634776335.967|Steering Angle One:3737.5
1634776335.975|Accelerator Position Percent:0.3921568627450981
1634776335.975|Throttle Position:8.23529411764706
1634776335.975|321:[132, 38, 211, 41, 0, 128, 190, 8]
1634776335.976|322:[132, 38, 0, 0, 0, 0, 0, 0]
1634776335.976|Steering Angle Two:8.1
1634776335.976|:-0.0
1634776335.976|:51.0
1634776335.976|:-25.5
1634776335.976|Speed:0
1634776335.976|Brake Pressure:0.0
1634776335.976|210:[0, 0, 255, 255, 0, 0, 0, 0]
1634776335.977|211:[0, 0, 6, 192, 100, 0, 0, 124]
1634776335.977|Wheel Speed FL:0
1634776335.977|Wheel Speed FR:0
1634776335.977|Wheel Speed RL:0
1634776335.977|Wheel Speed RR:0
1634776335.977|642:[119, 2, 75, 128, 128, 1, 32, 0]
1634776335.977|Steering Angle One:3737.5
1634776335.985|Accelerator Position Percent:0.3921568627450981
1634776335.985|Throttle Position:8.23529411764706
1634776335.985|321:[132, 38, 211, 41, 0, 128, 190, 8]
1634776335.986|322:[132, 38, 0, 0, 0, 0, 0, 0]
1634776335.986|324:[192, 0, 0, 85, 38, 164, 160, 0]
1634776335.986|338:[240, 247, 0, 0, 0, 1, 8, 0]
1634776335.986|864:[0, 0, 64, 64, 218, 0, 1, 0]
1634776335.987|865:[6, 9, 0, 216, 46, 112, 122, 107]
1634776335.987|880:[0, 0, 35, 1, 0, 12, 0, 0]
1634776335.987|342:[0, 128, 0, 0, 0, 0, 0, 0]
1634776335.987|Steering Angle One:3737.5
1634776335.995|Accelerator Position Percent:0.3921568627450981
1634776335.995|Throttle Position:8.23529411764706
1634776335.995|321:[132, 38, 211, 41, 0, 128, 190, 8]
1634776335.996|322:[132, 38, 0, 0, 0, 0, 0, 0]
1634776335.996|Steering Angle Two:8.1
1634776335.996|:-0.0
1634776335.996|:51.0
1634776335.996|:-25.5
1634776335.996|Speed:0
1634776335.996|Brake Pressure:0.0
1634776335.996|210:[0, 0, 255, 255, 0, 0, 0, 0]
1634776335.997|211:[0, 0, 6, 192, 100, 0, 0, 125]
1634776335.997|Wheel Speed FL:0
1634776335.997|Wheel Speed FR:0
1634776335.997|Wheel Speed RL:0
1634776335.997|Wheel Speed RR:0
1634776335.997|1217:[1, 0, 0, 0, 0, 0, 0, 0]
1634776335.997|Steering Angle One:3737.5
1634776336.004|342:[0, 128, 0, 0, 0, 0, 0, 0]
1634776336.005|Accelerator Position Percent:0.3921568627450981
1634776336.005|Throttle Position:8.23529411764706
1634776336.005|321:[132, 38, 211, 41, 0, 128, 190, 8]
1634776336.006|322:[132, 38, 0, 0, 0, 0, 0, 0]
1634776336.006|324:[192, 0, 0, 85, 38, 164, 160, 0]
1634776336.006|338:[240, 7, 0, 0, 0, 1, 8, 0]
1634776336.007|Steering Angle One:3737.5
1634776336.015|Accelerator Position Percent:0.3921568627450981
1634776336.015|Throttle Position:8.23529411764706
1634776336.015|321:[132, 38, 211, 41, 0, 128, 190, 8]
1634776336.016|322:[132, 38, 0, 0, 0, 0, 0, 0]
1634776336.016|Steering Angle Two:8.1
1634776336.016|:-0.0
1634776336.016|:51.0
1634776336.016|:-25.5
1634776336.016|Speed:0
1634776336.016|Brake Pressure:0.0
1634776336.016|210:[0, 0, 255, 255, 0, 0, 0, 0]
1634776336.017|211:[0, 0, 6, 192, 100, 0, 0, 126]
1634776336.017|Wheel Speed FL:0
1634776336.017|Wheel Speed FR:0
1634776336.017|Wheel Speed RL:0
1634776336.017|Wheel Speed RR:0
1634776336.017|1088:[66, 2, 0, 0, 0, 0, 0, 0]
1634776336.017|Steering Angle One:3737.5
1634776336.017|1219:[3, 0, 0, 0, 0, 0, 0, 0]
1634776336.021|882:[0, 96, 1, 0, 0, 0, 0, 0]
1634776336.024|342:[0, 128, 0, 0, 0, 0, 0, 0]
1634776336.025|Accelerator Position Percent:0.3921568627450981
1634776336.025|Throttle Position:8.23529411764706
1634776336.025|321:[132, 38, 211, 41, 0, 128, 190, 8]
1634776336.026|322:[132, 38, 0, 0, 0, 0, 0, 0]
1634776336.026|324:[192, 0, 0, 85, 38, 164, 160, 0]
1634776336.026|338:[240, 23, 0, 0, 0, 1, 8, 0]
1634776336.026|1245:[30, 0, 0, 0, 0, 0, 0, 0]
1634776336.027|Steering Angle One:3737.5
1634776336.035|642:[119, 18, 75, 128, 128, 1, 32, 0]
1634776336.035|Accelerator Position Percent:0.3921568627450981
1634776336.035|Throttle Position:8.23529411764706
1634776336.036|321:[132, 38, 211, 41, 0, 128, 190, 8]
1634776336.036|Steering Angle Two:8.1
1634776336.036|:-0.0
1634776336.036|:51.0
1634776336.036|:-25.5
1634776336.036|Speed:0
1634776336.036|Brake Pressure:0.0
1634776336.036|210:[0, 0, 255, 255, 0, 0, 0, 0]
1634776336.037|211:[0, 0, 6, 192, 100, 0, 0, 127]
1634776336.037|Wheel Speed FL:0
1634776336.037|Wheel Speed FR:0
1634776336.037|Wheel Speed RL:0
1634776336.037|Wheel Speed RR:0
1634776336.037|322:[132, 38, 0, 0, 0, 0, 0, 0]
1634776336.037|Steering Angle One:3737.5
1634776336.038|864:[0, 0, 64, 64, 218, 0, 1, 0]
1634776336.038|865:[6, 9, 0, 216, 47, 96, 122, 107]
1634776336.038|880:[0, 0, 35, 1, 0, 13, 0, 0]
1634776336.045|Accelerator Position Percent:0.3921568627450981
1634776336.045|Throttle Position:8.23529411764706
1634776336.045|321:[132, 38, 211, 41, 0, 128, 190, 8]
1634776336.046|322:[132, 38, 0, 0, 0, 0, 0, 0]
1634776336.046|324:[192, 0, 0, 85, 38, 164, 160, 0]
1634776336.046|338:[240, 39, 0, 0, 0, 1, 8, 0]
1634776336.047|342:[0, 128, 0, 0, 0, 0, 0, 0]
1634776336.047|Steering Angle One:3737.5
1634776336.055|Accelerator Position Percent:0.3921568627450981
1634776336.055|Throttle Position:8.23529411764706
1634776336.055|321:[132, 38, 211, 41, 0, 128, 190, 8]
1634776336.056|322:[132, 38, 0, 0, 0, 0, 0, 0]
1634776336.056|Steering Angle Two:8.1
1634776336.056|:-0.0
1634776336.056|:51.0
1634776336.056|:-25.5
1634776336.056|Speed:0
1634776336.056|Brake Pressure:0.0
1634776336.056|210:[0, 0, 255, 255, 0, 0, 0, 0]
1634776336.057|211:[0, 0, 6, 192, 100, 0, 0, 128]
1634776336.057|Wheel Speed FL:0
1634776336.057|Wheel Speed FR:0
1634776336.057|Wheel Speed RL:0
1634776336.057|Wheel Speed RR:0
1634776336.057|Steering Angle One:3737.5
1634776336.064|342:[0, 128, 0, 0, 0, 0, 0, 0]
1634776336.065|Accelerator Position Percent:0.3921568627450981
1634776336.065|Throttle Position:8.23529411764706
1634776336.065|321:[132, 38, 211, 41, 0, 128, 190, 8]
1634776336.066|322:[132, 38, 0, 0, 0, 0, 0, 0]
1634776336.066|324:[192, 0, 0, 85, 38, 164, 160, 0]
1634776336.066|338:[240, 55, 0, 0, 0, 1, 8, 0]
1634776336.067|Steering Angle One:3737.5
1634776336.075|Accelerator Position Percent:0.3921568627450981
1634776336.075|Throttle Position:8.23529411764706
1634776336.075|321:[132, 38, 211, 41, 0, 128, 190, 8]
1634776336.076|322:[132, 38, 0, 0, 0, 0, 0, 0]
1634776336.076|Steering Angle Two:8.1
1634776336.076|:-0.0
1634776336.076|:51.0
1634776336.076|:-25.5
1634776336.076|Speed:0
1634776336.076|Brake Pressure:0.0
1634776336.076|210:[0, 0, 255, 255, 0, 0, 0, 0]
1634776336.077|211:[0, 0, 6, 192, 100, 0, 0, 129]
1634776336.077|Wheel Speed FL:0
1634776336.077|Wheel Speed FR:0
1634776336.077|Wheel Speed RL:0
1634776336.077|Wheel Speed RR:0
1634776336.077|Steering Angle One:3737.5
1634776336.084|342:[0, 128, 0, 0, 0, 0, 0, 0]
1634776336.085|Accelerator Position Percent:0.3921568627450981
1634776336.085|Throttle Position:8.23529411764706
1634776336.085|321:[132, 38, 211, 41, 0, 128, 190, 8]
1634776336.086|322:[132, 38, 0, 0, 0, 0, 0, 0]
1634776336.086|324:[192, 0, 0, 85, 38, 164, 160, 0]
1634776336.086|338:[240, 71, 0, 0, 0, 1, 8, 0]
1634776336.086|864:[0, 0, 64, 64, 218, 0, 1, 0]
1634776336.087|865:[6, 9, 0, 216, 32, 64, 122, 107]
1634776336.087|880:[0, 0, 35, 1, 0, 14, 0, 0]
1634776336.087|Steering Angle One:3737.5
1634776336.095|642:[119, 34, 75, 128, 128, 1, 32, 0]
1634776336.095|Accelerator Position Percent:0.3921568627450981
1634776336.095|Throttle Position:8.23529411764706
1634776336.096|321:[132, 38, 211, 41, 0, 128, 190, 8]
1634776336.096|Steering Angle Two:8.1
1634776336.096|:-0.0
1634776336.096|:51.0
1634776336.096|:-25.5
1634776336.096|Speed:0
1634776336.096|Brake Pressure:0.0
1634776336.096|210:[0, 0, 255, 255, 0, 0, 0, 0]
1634776336.096|211:[0, 0, 6, 192, 100, 0, 0, 130]
1634776336.097|Wheel Speed FL:0
1634776336.097|Wheel Speed FR:0
1634776336.097|Wheel Speed RL:0
1634776336.097|Wheel Speed RR:0
1634776336.097|322:[132, 38, 0, 0, 0, 0, 0, 0]
1634776336.097|Steering Angle One:3737.5
1634776336.105|Accelerator Position Percent:0.3921568627450981
1634776336.105|Throttle Position:8.23529411764706
1634776336.105|321:[132, 38, 211, 41, 0, 128, 190, 8]
1634776336.106|322:[132, 38, 0, 0, 0, 0, 0, 0]
1634776336.106|324:[192, 0, 0, 85, 38, 164, 160, 0]
1634776336.106|338:[240, 87, 0, 0, 0, 1, 8, 0]
1634776336.107|342:[0, 128, 0, 0, 0, 0, 0, 0]
1634776336.107|Steering Angle One:3737.5
1634776336.114|1090:[64, 2, 0, 0, 0, 0, 0, 0]
1634776336.115|Accelerator Position Percent:0.3921568627450981
1634776336.115|Throttle Position:8.23529411764706
1634776336.115|321:[132, 38, 211, 41, 0, 128, 190, 8]
1634776336.116|Steering Angle Two:8.1
1634776336.116|:-0.0
1634776336.116|:51.0
1634776336.116|:-25.5
1634776336.116|Speed:0
1634776336.116|Brake Pressure:0.0
1634776336.116|210:[0, 0, 255, 255, 0, 0, 0, 0]
1634776336.116|211:[0, 0, 6, 192, 100, 0, 0, 131]
1634776336.117|Wheel Speed FL:0
1634776336.117|Wheel Speed FR:0
1634776336.117|Wheel Speed RL:0
1634776336.117|Wheel Speed RR:0
1634776336.117|322:[132, 38, 0, 0, 0, 0, 0, 0]
1634776336.117|Steering Angle One:3737.5
1634776336.121|882:[0, 112, 1, 0, 0, 0, 0, 0]
1634776336.124|342:[0, 128, 0, 0, 0, 0, 0, 0]
1634776336.125|Accelerator Position Percent:0.3921568627450981
1634776336.125|Throttle Position:8.23529411764706
1634776336.125|321:[132, 38, 211, 41, 0, 128, 190, 8]
1634776336.126|322:[132, 38, 0, 0, 0, 0, 0, 0]
1634776336.126|324:[192, 0, 0, 85, 38, 164, 160, 0]
1634776336.126|338:[240, 103, 0, 0, 0, 1, 8, 0]
1634776336.127|Steering Angle One:3737.5
1634776336.135|Accelerator Position Percent:0.3921568627450981
1634776336.135|Throttle Position:8.23529411764706
1634776336.135|321:[132, 38, 211, 41, 0, 128, 190, 8]
1634776336.136|Steering Angle Two:8.1
1634776336.136|:-0.0
1634776336.136|:51.0
1634776336.136|:-25.5
1634776336.136|Speed:0
1634776336.136|Brake Pressure:0.0
1634776336.136|210:[0, 0, 255, 255, 0, 0, 0, 0]
1634776336.136|211:[0, 0, 6, 192, 100, 0, 0, 132]
1634776336.137|Wheel Speed FL:0
1634776336.137|Wheel Speed FR:0
1634776336.137|Wheel Speed RL:0
1634776336.137|Wheel Speed RR:0
1634776336.137|322:[132, 38, 0, 0, 0, 0, 0, 0]
1634776336.137|864:[0, 0, 64, 64, 218, 0, 1, 0]
1634776336.137|Steering Angle One:3737.5
1634776336.137|865:[6, 9, 0, 216, 33, 96, 122, 107]
1634776336.138|880:[0, 0, 35, 1, 0, 15, 0, 0]
1634776336.144|342:[0, 128, 0, 0, 0, 0, 0, 0]
1634776336.145|Accelerator Position Percent:0.3921568627450981
1634776336.145|Throttle Position:8.23529411764706
1634776336.145|321:[132, 38, 211, 41, 0, 128, 190, 8]
1634776336.146|322:[132, 38, 0, 0, 0, 0, 0, 0]
1634776336.146|324:[192, 0, 0, 85, 38, 164, 160, 0]
1634776336.146|338:[240, 119, 0, 0, 0, 1, 8, 0]
1634776336.147|Steering Angle One:3737.5
1634776336.155|642:[119, 50, 75, 128, 128, 1, 32, 0]
1634776336.155|Accelerator Position Percent:0.3921568627450981
1634776336.155|Throttle Position:8.23529411764706
1634776336.156|321:[132, 38, 211, 41, 0, 128, 190, 8]
1634776336.156|Steering Angle Two:8.1
1634776336.156|:-0.0
1634776336.156|:51.0
1634776336.156|:-25.5
1634776336.156|Speed:0
1634776336.156|Brake Pressure:0.0
1634776336.156|210:[0, 0, 255, 255, 0, 0, 0, 0]
1634776336.156|211:[0, 0, 6, 192, 100, 0, 0, 133]
1634776336.157|Wheel Speed FL:0
1634776336.157|Wheel Speed FR:0
1634776336.157|Wheel Speed RL:0
1634776336.157|Wheel Speed RR:0
1634776336.157|322:[132, 38, 0, 0, 0, 0, 0, 0]
1634776336.157|1595:[0, 0, 26, 123, 0, 0, 40, 233]
1634776336.157|Steering Angle One:3737.5
1634776336.165|Accelerator Position Percent:0.3921568627450981
1634776336.165|Throttle Position:8.23529411764706
1634776336.165|321:[132, 38, 211, 41, 0, 128, 190, 8]
1634776336.166|322:[132, 38, 0, 0, 0, 0, 0, 0]
1634776336.166|324:[192, 0, 0, 85, 38, 164, 160, 0]
1634776336.166|338:[240, 135, 0, 0, 0, 1, 8, 0]
1634776336.167|342:[0, 128, 0, 0, 0, 0, 0, 0]
1634776336.167|Steering Angle One:3737.5
1634776336.175|Accelerator Position Percent:0.3921568627450981
1634776336.175|Throttle Position:8.23529411764706
1634776336.175|321:[132, 38, 211, 41, 0, 128, 190, 8]
1634776336.176|Steering Angle Two:8.1
1634776336.176|:-0.0
1634776336.176|:51.0
1634776336.176|:-25.5
1634776336.176|Speed:0
1634776336.176|Brake Pressure:0.0
1634776336.176|210:[0, 0, 255, 255, 0, 0, 0, 0]
1634776336.176|211:[0, 0, 6, 192, 100, 0, 0, 134]
1634776336.177|Wheel Speed FL:0
1634776336.177|Wheel Speed FR:0
1634776336.177|Wheel Speed RL:0
1634776336.177|Wheel Speed RR:0
1634776336.177|322:[132, 38, 0, 0, 0, 0, 0, 0]
1634776336.177|Steering Angle One:3737.5
1634776336.184|342:[0, 128, 0, 0, 0, 0, 0, 0]
1634776336.185|Accelerator Position Percent:0.3921568627450981
1634776336.185|Throttle Position:8.23529411764706
1634776336.185|321:[132, 38, 211, 41, 0, 128, 190, 8]
1634776336.186|322:[132, 38, 0, 0, 0, 0, 0, 0]
1634776336.186|324:[192, 0, 0, 85, 38, 164, 160, 0]
1634776336.186|338:[240, 151, 0, 0, 0, 1, 8, 0]
1634776336.186|864:[0, 0, 64, 64, 218, 0, 1, 0]
1634776336.187|865:[6, 9, 0, 216, 34, 80, 122, 107]
1634776336.187|Steering Angle One:3737.5
1634776336.187|880:[0, 0, 35, 1, 0, 0, 0, 0]
1634776336.195|Accelerator Position Percent:0.3921568627450981
1634776336.195|Throttle Position:8.23529411764706
1634776336.195|321:[132, 38, 211, 41, 0, 128, 190, 8]
1634776336.196|Steering Angle Two:8.1
1634776336.196|:-0.0
1634776336.196|:51.0
1634776336.196|:-25.5
1634776336.196|Speed:0
1634776336.196|Brake Pressure:0.0
1634776336.196|210:[0, 0, 255, 255, 0, 0, 0, 0]
1634776336.196|211:[0, 0, 6, 192, 100, 0, 0, 135]
1634776336.197|Wheel Speed FL:0
1634776336.197|Wheel Speed FR:0
1634776336.197|Wheel Speed RL:0
1634776336.197|Wheel Speed RR:0
1634776336.197|322:[132, 38, 0, 0, 0, 0, 0, 0]
1634776336.197|Steering Angle One:3737.5
1634776336.197|1224:[9, 0, 0, 0, 0, 0, 0, 0]
1634776336.204|342:[0, 128, 0, 0, 0, 0, 0, 0]
1634776336.205|Accelerator Position Percent:0.3921568627450981
1634776336.205|Throttle Position:8.23529411764706
1634776336.205|321:[132, 38, 211, 41, 0, 128, 190, 8]
1634776336.206|322:[132, 38, 0, 0, 0, 0, 0, 0]
1634776336.206|324:[192, 0, 0, 85, 38, 164, 160, 0]
1634776336.206|1088:[66, 2, 0, 0, 0, 0, 0, 0]
1634776336.207|Steering Angle One:3737.5
1634776336.209|338:[240, 167, 0, 0, 0, 1, 8, 0]
1634776336.215|642:[119, 66, 75, 128, 128, 1, 32, 0]
1634776336.215|Accelerator Position Percent:0.3921568627450981
1634776336.215|Throttle Position:8.23529411764706
1634776336.215|321:[132, 38, 211, 41, 0, 128, 190, 8]
1634776336.216|Steering Angle Two:8.1
1634776336.216|:-0.0
1634776336.216|:51.0
1634776336.216|:-25.5
1634776336.216|Speed:0
1634776336.216|Brake Pressure:0.0
1634776336.216|210:[0, 0, 255, 255, 0, 0, 0, 0]
1634776336.216|211:[0, 0, 6, 192, 100, 0, 0, 136]
1634776336.217|Wheel Speed FL:0
1634776336.217|Wheel Speed FR:0
1634776336.217|Wheel Speed RL:0
1634776336.217|Wheel Speed RR:0
1634776336.217|322:[132, 38, 0, 0, 0, 0, 0, 0]
1634776336.217|Steering Angle One:3737.5
1634776336.221|882:[0, 128, 1, 0, 0, 0, 0, 0]
1634776336.225|Accelerator Position Percent:0.3921568627450981
1634776336.225|Throttle Position:8.23529411764706
1634776336.225|321:[132, 38, 211, 41, 0, 128, 190, 8]
1634776336.226|322:[132, 38, 0, 0, 0, 0, 0, 0]
1634776336.226|324:[192, 0, 0, 85, 38, 164, 160, 0]
1634776336.226|338:[240, 183, 0, 0, 0, 1, 8, 0]
1634776336.227|342:[0, 128, 0, 0, 0, 0, 0, 0]
1634776336.227|Steering Angle One:3737.5
1634776336.235|Accelerator Position Percent:0.3921568627450981
1634776336.235|Throttle Position:8.23529411764706
1634776336.235|321:[132, 38, 211, 41, 0, 128, 190, 8]
1634776336.236|Steering Angle Two:8.1
1634776336.236|:-0.0
1634776336.236|:51.0
1634776336.236|:-25.5
1634776336.236|Speed:0
1634776336.236|Brake Pressure:0.0
1634776336.236|210:[0, 0, 255, 255, 0, 0, 0, 0]
1634776336.236|211:[0, 0, 6, 192, 100, 0, 0, 137]
1634776336.237|Wheel Speed FL:0
1634776336.237|Wheel Speed FR:0
1634776336.237|Wheel Speed RL:0
1634776336.237|Wheel Speed RR:0
1634776336.237|322:[132, 38, 0, 0, 0, 0, 0, 0]
1634776336.237|864:[0, 0, 64, 64, 218, 0, 1, 0]
1634776336.237|Steering Angle One:3737.5
1634776336.237|865:[6, 9, 0, 216, 35, 64, 122, 108]
1634776336.238|880:[0, 0, 35, 1, 0, 1, 0, 0]
1634776336.244|342:[0, 128, 0, 0, 0, 0, 0, 0]
1634776336.245|Accelerator Position Percent:0.3921568627450981
1634776336.245|Throttle Position:8.23529411764706
1634776336.245|321:[132, 38, 211, 41, 0, 128, 190, 8]
1634776336.246|322:[132, 38, 0, 0, 0, 0, 0, 0]
1634776336.246|324:[192, 0, 0, 85, 38, 164, 160, 0]
1634776336.246|338:[240, 199, 0, 0, 0, 1, 8, 0]
1634776336.247|Steering Angle One:3737.5
1634776336.255|Accelerator Position Percent:0.3921568627450981
1634776336.255|Throttle Position:8.23529411764706
1634776336.255|321:[132, 38, 211, 41, 0, 128, 190, 8]
1634776336.256|Steering Angle Two:8.1
1634776336.256|:-0.0
1634776336.256|:51.0
1634776336.256|:-25.5
1634776336.256|Speed:0
1634776336.256|Brake Pressure:0.0
1634776336.256|210:[0, 0, 255, 255, 0, 0, 0, 0]
1634776336.256|211:[0, 0, 6, 192, 100, 0, 0, 138]
1634776336.257|Wheel Speed FL:0
1634776336.257|Wheel Speed FR:0
1634776336.257|Wheel Speed RL:0
1634776336.257|Wheel Speed RR:0
1634776336.257|322:[132, 38, 0, 0, 0, 0, 0, 0]
1634776336.257|Steering Angle One:3737.5
1634776336.264|342:[0, 128, 0, 0, 0, 0, 0, 0]
1634776336.265|Accelerator Position Percent:0.3921568627450981
1634776336.265|Throttle Position:8.23529411764706
1634776336.265|321:[132, 38, 211, 41, 0, 128, 190, 8]
1634776336.266|322:[132, 38, 0, 0, 0, 0, 0, 0]
1634776336.266|324:[192, 0, 0, 85, 38, 164, 160, 0]
1634776336.266|338:[240, 215, 0, 0, 0, 1, 8, 0]
1634776336.267|Steering Angle One:3737.5
1634776336.275|642:[119, 82, 75, 128, 128, 1, 32, 0]
1634776336.275|Accelerator Position Percent:0.3921568627450981
1634776336.275|Throttle Position:8.23529411764706
1634776336.275|321:[132, 38, 211, 41, 0, 128, 190, 8]
1634776336.276|Steering Angle Two:8.1
1634776336.276|:-0.0
1634776336.276|:51.0
1634776336.276|:-25.5
1634776336.276|Speed:0
1634776336.276|Brake Pressure:0.0
1634776336.276|210:[0, 0, 255, 255, 0, 0, 0, 0]
1634776336.276|211:[0, 0, 6, 192, 100, 0, 0, 139]
1634776336.277|Wheel Speed FL:0
1634776336.277|Wheel Speed FR:0
1634776336.277|Wheel Speed RL:0
1634776336.277|Wheel Speed RR:0
1634776336.277|322:[132, 38, 0, 0, 0, 0, 0, 0]
1634776336.277|1762:[162, 128, 0, 84, 88, 88, 88, 254]
1634776336.277|Steering Angle One:3737.5
1634776336.285|Accelerator Position Percent:0.3921568627450981
1634776336.285|Throttle Position:8.23529411764706
1634776336.285|321:[132, 38, 211, 41, 0, 128, 190, 8]
1634776336.286|322:[132, 38, 0, 0, 0, 0, 0, 0]
1634776336.286|324:[192, 0, 0, 85, 38, 164, 160, 0]
1634776336.286|338:[240, 231, 0, 0, 0, 1, 8, 0]
1634776336.286|864:[0, 0, 64, 64, 218, 0, 1, 0]
1634776336.287|865:[6, 9, 0, 216, 36, 80, 122, 107]
1634776336.287|342:[0, 128, 0, 0, 0, 0, 0, 0]
1634776336.287|Steering Angle One:3737.5
1634776336.288|880:[0, 0, 35, 1, 0, 2, 0, 0]
1634776336.295|Accelerator Position Percent:0.3921568627450981
1634776336.295|Throttle Position:8.23529411764706
1634776336.295|321:[132, 38, 211, 41, 0, 128, 190, 8]
1634776336.296|322:[132, 38, 0, 0, 0, 0, 0, 0]
1634776336.296|Steering Angle Two:8.1
1634776336.296|:-0.0
1634776336.296|:51.0
1634776336.296|:-25.5
1634776336.296|Speed:0
1634776336.296|Brake Pressure:0.0
1634776336.296|210:[0, 0, 255, 255, 0, 0, 0, 0]
1634776336.296|211:[0, 0, 6, 192, 100, 0, 0, 140]
1634776336.297|Wheel Speed FL:0
1634776336.297|Wheel Speed FR:0
1634776336.297|Wheel Speed RL:0
1634776336.297|Wheel Speed RR:0
1634776336.297|Steering Angle One:3737.5
1634776336.304|1090:[64, 2, 0, 0, 0, 0, 0, 0]
1634776336.304|342:[0, 128, 0, 0, 0, 0, 0, 0]
1634776336.305|Accelerator Position Percent:0.3921568627450981
1634776336.305|Throttle Position:8.23529411764706
1634776336.305|321:[132, 38, 211, 41, 0, 128, 190, 8]
1634776336.306|322:[132, 38, 0, 0, 0, 0, 0, 0]
1634776336.306|324:[192, 0, 0, 85, 38, 164, 160, 0]
1634776336.306|338:[240, 247, 0, 0, 0, 1, 8, 0]
1634776336.307|Steering Angle One:3737.5
1634776336.315|Accelerator Position Percent:0.3921568627450981
1634776336.315|Throttle Position:8.23529411764706
1634776336.315|321:[132, 38, 211, 41, 0, 128, 190, 8]
1634776336.316|Steering Angle Two:8.1
1634776336.316|:-0.0
1634776336.316|:51.0
1634776336.316|:-25.5
1634776336.316|Speed:0
1634776336.316|Brake Pressure:0.0
1634776336.316|210:[0, 0, 255, 255, 0, 0, 0, 0]
1634776336.316|211:[0, 0, 6, 192, 100, 0, 0, 141]
1634776336.317|Wheel Speed FL:0
1634776336.317|Wheel Speed FR:0
1634776336.317|Wheel Speed RL:0
1634776336.317|Wheel Speed RR:0
1634776336.317|322:[132, 38, 0, 0, 0, 0, 0, 0]
1634776336.317|Steering Angle One:3737.5
1634776336.321|882:[0, 144, 1, 0, 0, 0, 0, 0]
1634776336.324|342:[0, 128, 0, 0, 0, 0, 0, 0]
1634776336.325|Accelerator Position Percent:0.3921568627450981
1634776336.325|Throttle Position:8.23529411764706
1634776336.325|321:[132, 38, 211, 41, 0, 128, 190, 8]
1634776336.326|322:[132, 38, 0, 0, 0, 0, 0, 0]
1634776336.326|324:[192, 0, 0, 85, 38, 164, 160, 0]
1634776336.326|338:[240, 7, 0, 0, 0, 1, 8, 0]
1634776336.327|Steering Angle One:3737.5
1634776336.335|642:[119, 98, 75, 128, 128, 1, 32, 0]
1634776336.335|Accelerator Position Percent:0.3921568627450981
1634776336.335|Throttle Position:8.23529411764706
1634776336.335|321:[132, 38, 211, 41, 0, 128, 190, 8]
1634776336.336|Steering Angle Two:8.1
1634776336.336|:-0.0
1634776336.336|:51.0
1634776336.336|:-25.5
1634776336.336|Speed:0
1634776336.336|Brake Pressure:0.0
1634776336.336|210:[0, 0, 255, 255, 0, 0, 0, 0]
1634776336.336|211:[0, 0, 6, 192, 100, 0, 0, 142]
1634776336.337|Wheel Speed FL:0
1634776336.337|Wheel Speed FR:0
1634776336.337|Wheel Speed RL:0
1634776336.337|Wheel Speed RR:0
1634776336.337|322:[132, 38, 0, 0, 0, 0, 0, 0]
1634776336.337|864:[0, 0, 64, 64, 218, 0, 1, 0]
1634776336.337|Steering Angle One:3737.5
1634776336.337|865:[6, 9, 0, 216, 37, 112, 122, 107]
1634776336.339|880:[0, 0, 35, 1, 0, 3, 0, 0]
1634776336.345|Accelerator Position Percent:0.3921568627450981
1634776336.345|Throttle Position:8.23529411764706
1634776336.345|321:[132, 38, 211, 41, 0, 128, 190, 8]
1634776336.346|322:[132, 38, 0, 0, 0, 0, 0, 0]
1634776336.346|324:[192, 0, 0, 85, 38, 164, 160, 0]
1634776336.346|338:[240, 23, 0, 0, 0, 1, 8, 0]
1634776336.347|342:[0, 128, 0, 0, 0, 0, 0, 0]
1634776336.347|Steering Angle One:3737.5
1634776336.355|Accelerator Position Percent:0.3921568627450981
1634776336.355|Throttle Position:8.23529411764706
1634776336.355|321:[132, 38, 211, 41, 0, 128, 190, 8]
1634776336.356|Steering Angle Two:8.1
1634776336.356|:-0.0
1634776336.356|:51.0
1634776336.356|:-25.5
1634776336.356|Speed:0
1634776336.356|Brake Pressure:0.0
1634776336.356|210:[0, 0, 255, 255, 0, 0, 0, 0]
1634776336.356|211:[0, 0, 6, 192, 100, 0, 0, 143]
1634776336.357|Wheel Speed FL:0
1634776336.357|Wheel Speed FR:0
1634776336.357|Wheel Speed RL:0
1634776336.357|Wheel Speed RR:0
1634776336.357|322:[132, 38, 0, 0, 0, 0, 0, 0]
1634776336.357|Steering Angle One:3737.5
1634776336.364|342:[0, 128, 0, 0, 0, 0, 0, 0]
1634776336.365|Accelerator Position Percent:0.3921568627450981
1634776336.365|Throttle Position:8.23529411764706
1634776336.365|321:[132, 38, 211, 41, 0, 128, 190, 8]
1634776336.366|322:[132, 38, 0, 0, 0, 0, 0, 0]
1634776336.366|324:[192, 0, 0, 85, 38, 164, 160, 0]
1634776336.366|338:[240, 39, 0, 0, 0, 1, 8, 0]
1634776336.367|Steering Angle One:3737.5
1634776336.375|Accelerator Position Percent:0.3921568627450981
1634776336.375|Throttle Position:8.23529411764706
1634776336.375|321:[132, 38, 211, 41, 0, 128, 190, 8]
1634776336.376|Steering Angle Two:8.1
1634776336.376|:-0.0
1634776336.376|:51.0
1634776336.376|:-25.5
1634776336.376|Speed:0
1634776336.376|Brake Pressure:0.0
1634776336.376|210:[0, 0, 255, 255, 0, 0, 0, 0]
1634776336.376|211:[0, 0, 6, 192, 100, 0, 0, 144]
1634776336.377|Wheel Speed FL:0
1634776336.377|Wheel Speed FR:0
1634776336.377|Wheel Speed RL:0
1634776336.377|Wheel Speed RR:0
1634776336.377|322:[132, 38, 0, 0, 0, 0, 0, 0]
1634776336.377|Steering Angle One:3737.5
1634776336.384|342:[0, 128, 0, 0, 0, 0, 0, 0]
1634776336.385|Accelerator Position Percent:0.3921568627450981
1634776336.385|Throttle Position:8.23529411764706
1634776336.385|321:[132, 38, 211, 41, 0, 128, 190, 8]
1634776336.386|322:[132, 38, 0, 0, 0, 0, 0, 0]
1634776336.386|324:[192, 0, 0, 85, 38, 164, 160, 0]
1634776336.386|338:[240, 55, 0, 0, 0, 1, 8, 0]
1634776336.386|864:[0, 0, 64, 64, 218, 0, 1, 0]
1634776336.387|865:[6, 9, 0, 216, 38, 80, 122, 107]
1634776336.387|Steering Angle One:3737.5
1634776336.389|880:[0, 0, 35, 1, 0, 4, 0, 0]
1634776336.395|642:[119, 114, 75, 128, 128, 1, 32, 0]
1634776336.395|Accelerator Position Percent:0.3921568627450981
1634776336.395|Throttle Position:8.23529411764706
1634776336.395|321:[132, 38, 211, 41, 0, 128, 190, 8]
1634776336.396|Steering Angle Two:8.1
1634776336.396|:-0.0
1634776336.396|:51.0
1634776336.396|:-25.5
1634776336.396|Speed:0
1634776336.396|Brake Pressure:0.0
1634776336.396|210:[0, 0, 255, 255, 0, 0, 0, 0]
1634776336.396|211:[0, 0, 6, 192, 100, 0, 0, 145]
1634776336.397|Wheel Speed FL:0
1634776336.397|Wheel Speed FR:0
1634776336.397|Wheel Speed RL:0
1634776336.397|Wheel Speed RR:0
1634776336.397|322:[132, 38, 0, 0, 0, 0, 0, 0]
1634776336.397|1088:[66, 2, 0, 0, 0, 0, 0, 0]
1634776336.397|Steering Angle One:3737.5
1634776336.405|Accelerator Position Percent:0.3921568627450981
1634776336.405|Throttle Position:8.23529411764706
1634776336.405|321:[132, 38, 211, 41, 0, 128, 190, 8]
1634776336.406|322:[132, 38, 0, 0, 0, 0, 0, 0]
1634776336.406|324:[192, 0, 0, 85, 38, 164, 160, 0]
1634776336.406|338:[240, 71, 0, 0, 0, 1, 8, 0]
1634776336.407|342:[0, 128, 0, 0, 0, 0, 0, 0]
1634776336.407|Steering Angle One:3737.5
1634776336.415|Accelerator Position Percent:0.3921568627450981
1634776336.415|Throttle Position:8.23529411764706
1634776336.415|321:[132, 38, 211, 41, 0, 128, 190, 8]
1634776336.416|Steering Angle Two:8.1
1634776336.416|:-0.0
1634776336.416|:51.0
1634776336.416|:-25.5
1634776336.416|Speed:0
1634776336.416|Brake Pressure:0.0
1634776336.416|210:[0, 0, 255, 255, 0, 0, 0, 0]
1634776336.416|211:[0, 0, 6, 192, 100, 0, 0, 146]
1634776336.417|Wheel Speed FL:0
1634776336.417|Wheel Speed FR:0
1634776336.417|Wheel Speed RL:0
1634776336.417|Wheel Speed RR:0
1634776336.417|322:[132, 38, 0, 0, 0, 0, 0, 0]
1634776336.417|Steering Angle One:3737.5
1634776336.421|882:[0, 160, 1, 0, 0, 0, 0, 0]
1634776336.424|342:[0, 128, 0, 0, 0, 0, 0, 0]
1634776336.425|Accelerator Position Percent:0.3921568627450981
1634776336.425|Throttle Position:8.23529411764706
1634776336.425|321:[132, 38, 211, 41, 0, 128, 190, 8]
1634776336.426|322:[132, 38, 0, 0, 0, 0, 0, 0]
1634776336.426|324:[192, 0, 0, 85, 38, 164, 160, 0]
1634776336.426|338:[240, 87, 0, 0, 0, 1, 8, 0]
1634776336.427|Steering Angle One:3737.5
1634776336.435|Accelerator Position Percent:0.3921568627450981
1634776336.435|Throttle Position:8.23529411764706
1634776336.435|321:[132, 38, 211, 41, 0, 128, 190, 8]
1634776336.436|322:[132, 38, 0, 0, 0, 0, 0, 0]
1634776336.436|Steering Angle Two:8.1
1634776336.436|:-0.0
1634776336.436|:51.0
1634776336.436|:-25.5
1634776336.436|Speed:0
1634776336.436|Brake Pressure:0.0
1634776336.436|210:[0, 0, 255, 255, 0, 0, 0, 0]
1634776336.437|211:[0, 0, 6, 192, 100, 0, 0, 147]
1634776336.437|Wheel Speed FL:0
1634776336.437|Wheel Speed FR:0
1634776336.437|Wheel Speed RL:0
1634776336.437|Wheel Speed RR:0
1634776336.437|864:[0, 0, 64, 64, 218, 0, 1, 0]
1634776336.437|Steering Angle One:3737.5
1634776336.438|865:[6, 9, 0, 216, 39, 48, 122, 107]
1634776336.438|1761:[161, 128, 0, 0, 0, 112, 0, 0]
1634776336.44|880:[0, 0, 35, 1, 0, 5, 0, 0]
1634776336.444|342:[0, 128, 0, 0, 0, 0, 0, 0]
1634776336.445|Accelerator Position Percent:0.3921568627450981
1634776336.445|Throttle Position:8.23529411764706
1634776336.445|321:[132, 38, 211, 41, 0, 128, 190, 8]
1634776336.446|322:[132, 38, 0, 0, 0, 0, 0, 0]
1634776336.446|324:[192, 0, 0, 85, 38, 164, 160, 0]
1634776336.446|338:[240, 103, 0, 0, 0, 1, 8, 0]
1634776336.447|Steering Angle One:3737.5
1634776336.455|642:[119, 130, 75, 128, 128, 1, 32, 0]
1634776336.455|Accelerator Position Percent:0.3921568627450981
1634776336.455|Throttle Position:8.23529411764706
1634776336.455|321:[132, 38, 211, 41, 0, 128, 190, 8]
1634776336.456|Steering Angle Two:8.1
1634776336.456|:-0.0
1634776336.456|:51.0
1634776336.456|:-25.5
1634776336.456|Speed:0
1634776336.456|Brake Pressure:0.0
1634776336.456|210:[0, 0, 255, 255, 0, 0, 0, 0]
1634776336.456|211:[0, 0, 6, 192, 100, 0, 0, 148]
1634776336.457|Wheel Speed FL:0
1634776336.457|Wheel Speed FR:0
1634776336.457|Wheel Speed RL:0
1634776336.457|Wheel Speed RR:0
1634776336.457|322:[132, 38, 0, 0, 0, 0, 0, 0]
1634776336.457|Steering Angle One:3737.5
1634776336.465|Accelerator Position Percent:0.3921568627450981
1634776336.465|Throttle Position:8.23529411764706
1634776336.465|321:[132, 38, 211, 41, 0, 128, 190, 8]
1634776336.466|322:[132, 38, 0, 0, 0, 0, 0, 0]
1634776336.466|324:[192, 0, 0, 85, 38, 164, 160, 0]
1634776336.466|338:[240, 119, 0, 0, 0, 1, 8, 0]
1634776336.467|342:[0, 128, 0, 0, 0, 0, 0, 0]
1634776336.467|Steering Angle One:3737.5
1634776336.475|Accelerator Position Percent:0.3921568627450981
1634776336.475|Throttle Position:8.23529411764706
1634776336.475|321:[132, 38, 211, 41, 0, 128, 190, 8]
1634776336.476|Steering Angle Two:8.1
1634776336.476|:-0.0
1634776336.476|:51.0
1634776336.476|:-25.5
1634776336.476|Speed:0
1634776336.476|Brake Pressure:0.0
1634776336.476|210:[0, 0, 255, 255, 0, 0, 0, 0]
1634776336.476|211:[0, 0, 6, 192, 100, 0, 0, 149]
1634776336.477|Wheel Speed FL:0
1634776336.477|Wheel Speed FR:0
1634776336.477|Wheel Speed RL:0
1634776336.477|Wheel Speed RR:0
1634776336.477|322:[132, 38, 0, 0, 0, 0, 0, 0]
1634776336.477|Steering Angle One:3737.5
1634776336.484|342:[0, 128, 0, 0, 0, 0, 0, 0]
1634776336.485|Accelerator Position Percent:0.3921568627450981
1634776336.485|Throttle Position:8.23529411764706
1634776336.485|321:[132, 38, 211, 41, 0, 128, 190, 8]
1634776336.486|322:[132, 38, 0, 0, 0, 0, 0, 0]
1634776336.486|324:[192, 0, 0, 85, 38, 164, 160, 0]
1634776336.486|338:[240, 135, 0, 0, 0, 1, 8, 0]
1634776336.486|864:[0, 0, 64, 64, 218, 0, 1, 0]
1634776336.487|865:[6, 9, 0, 216, 40, 128, 122, 107]
1634776336.487|Steering Angle One:3737.5
1634776336.491|880:[0, 0, 35, 1, 0, 6, 0, 0]
1634776336.494|1090:[64, 2, 0, 0, 0, 0, 0, 0]
1634776336.495|Accelerator Position Percent:0.3921568627450981
1634776336.495|Throttle Position:8.23529411764706
1634776336.495|321:[132, 38, 211, 41, 0, 128, 190, 8]
1634776336.496|322:[132, 38, 0, 0, 0, 0, 0, 0]
1634776336.496|Steering Angle Two:8.1
1634776336.496|:-0.0
1634776336.496|:51.0
1634776336.496|:-25.5
1634776336.496|Speed:0
1634776336.496|Brake Pressure:0.0
1634776336.496|210:[0, 0, 255, 255, 0, 0, 0, 0]
1634776336.497|211:[0, 0, 6, 192, 100, 0, 0, 150]
1634776336.497|Wheel Speed FL:0
1634776336.497|Wheel Speed FR:0
1634776336.497|Wheel Speed RL:0
1634776336.497|Wheel Speed RR:0
1634776336.497|Steering Angle One:3737.5
1634776336.504|342:[0, 128, 0, 0, 0, 0, 0, 0]
1634776336.505|Accelerator Position Percent:0.3921568627450981
1634776336.505|Throttle Position:8.23529411764706
1634776336.505|321:[132, 38, 211, 41, 0, 128, 190, 8]
1634776336.506|322:[132, 38, 0, 0, 0, 0, 0, 0]
1634776336.506|324:[192, 0, 0, 85, 38, 164, 160, 0]
1634776336.506|338:[240, 151, 0, 0, 0, 1, 8, 0]
1634776336.507|Steering Angle One:3737.5
1634776336.515|642:[119, 146, 75, 128, 128, 1, 32, 0]
1634776336.515|Accelerator Position Percent:0.3921568627450981
1634776336.515|Throttle Position:8.23529411764706
1634776336.515|321:[132, 38, 211, 41, 0, 128, 190, 8]
1634776336.516|Steering Angle Two:8.1
1634776336.516|:-0.0
1634776336.516|:51.0
1634776336.516|:-25.5
1634776336.516|Speed:0
1634776336.516|Brake Pressure:0.0
1634776336.516|210:[0, 0, 255, 255, 0, 0, 0, 0]
1634776336.516|211:[0, 0, 6, 192, 100, 0, 0, 151]
1634776336.517|Wheel Speed FL:0
1634776336.517|Wheel Speed FR:0
1634776336.517|Wheel Speed RL:0
1634776336.517|Wheel Speed RR:0
1634776336.517|322:[132, 38, 0, 0, 0, 0, 0, 0]
1634776336.517|Steering Angle One:3737.5
1634776336.521|882:[0, 176, 1, 0, 0, 0, 0, 0]
1634776336.525|Accelerator Position Percent:0.3921568627450981
1634776336.525|Throttle Position:8.23529411764706
1634776336.525|321:[132, 38, 211, 41, 0, 128, 190, 8]
1634776336.526|322:[132, 38, 0, 0, 0, 0, 0, 0]
1634776336.526|324:[192, 0, 0, 85, 38, 164, 160, 0]
1634776336.526|338:[240, 167, 0, 0, 0, 1, 8, 0]
1634776336.527|342:[0, 128, 0, 0, 0, 0, 0, 0]
1634776336.527|Steering Angle One:3737.5
1634776336.535|Accelerator Position Percent:0.3921568627450981
1634776336.535|Throttle Position:8.23529411764706
1634776336.535|321:[132, 38, 211, 41, 0, 128, 190, 8]
1634776336.536|Steering Angle Two:8.1
1634776336.536|:-0.0
1634776336.536|:51.0
1634776336.536|:-25.5
1634776336.536|Speed:0
1634776336.536|Brake Pressure:0.0
1634776336.536|210:[0, 0, 255, 255, 0, 0, 0, 0]
1634776336.536|211:[0, 0, 6, 192, 100, 0, 0, 152]
1634776336.537|Wheel Speed FL:0
1634776336.537|Wheel Speed FR:0
1634776336.537|Wheel Speed RL:0
1634776336.537|Wheel Speed RR:0
1634776336.537|322:[132, 38, 0, 0, 0, 0, 0, 0]
1634776336.537|864:[0, 0, 64, 64, 218, 0, 1, 0]
1634776336.537|Steering Angle One:3737.5
1634776336.537|865:[6, 9, 0, 216, 41, 96, 122, 107]
1634776336.541|880:[0, 0, 35, 1, 0, 7, 0, 0]
1634776336.544|342:[0, 128, 0, 0, 0, 0, 0, 0]
1634776336.545|Accelerator Position Percent:0.3921568627450981
1634776336.545|Throttle Position:8.23529411764706
1634776336.545|321:[132, 38, 211, 41, 0, 128, 190, 8]
1634776336.546|322:[132, 38, 0, 0, 0, 0, 0, 0]
1634776336.546|324:[192, 0, 0, 85, 38, 164, 160, 0]
1634776336.546|338:[240, 183, 0, 0, 0, 1, 8, 0]
1634776336.547|Steering Angle One:3737.5
1634776336.555|Accelerator Position Percent:0.3921568627450981
1634776336.555|Throttle Position:8.23529411764706
1634776336.555|321:[132, 38, 211, 41, 0, 128, 190, 8]
1634776336.556|Steering Angle Two:8.1
1634776336.556|:-0.0
1634776336.556|:51.0
1634776336.556|:-25.5
1634776336.556|Speed:0
1634776336.556|Brake Pressure:0.0
1634776336.556|210:[0, 0, 255, 255, 0, 0, 0, 0]
1634776336.556|211:[0, 0, 6, 192, 100, 0, 0, 153]
1634776336.557|Wheel Speed FL:0
1634776336.557|Wheel Speed FR:0
1634776336.557|Wheel Speed RL:0
1634776336.557|Wheel Speed RR:0
1634776336.557|322:[132, 38, 0, 0, 0, 0, 0, 0]
1634776336.557|Steering Angle One:3737.5
1634776336.564|342:[0, 128, 0, 0, 0, 0, 0, 0]
1634776336.565|Accelerator Position Percent:0.3921568627450981
1634776336.565|Throttle Position:8.23529411764706
1634776336.565|321:[132, 38, 211, 41, 0, 128, 190, 8]
1634776336.566|322:[132, 38, 0, 0, 0, 0, 0, 0]
1634776336.566|324:[192, 0, 0, 85, 38, 164, 160, 0]
1634776336.566|338:[240, 199, 0, 0, 0, 1, 8, 0]
1634776336.567|Steering Angle One:3737.5
1634776336.575|642:[119, 162, 75, 128, 128, 1, 32, 0]
1634776336.575|Accelerator Position Percent:0.3921568627450981
1634776336.575|Throttle Position:8.23529411764706
1634776336.575|321:[132, 38, 211, 41, 0, 128, 190, 8]
1634776336.576|322:[132, 38, 0, 0, 0, 0, 0, 0]
1634776336.576|Steering Angle Two:8.1
1634776336.576|:-0.0
1634776336.576|:51.0
1634776336.576|:-25.5
1634776336.576|Speed:0
1634776336.576|Brake Pressure:0.0
1634776336.576|210:[0, 0, 255, 255, 0, 0, 0, 0]
1634776336.577|211:[0, 0, 6, 192, 100, 0, 0, 154]
1634776336.577|Wheel Speed FL:0
1634776336.577|Wheel Speed FR:0
1634776336.577|Wheel Speed RL:0
1634776336.577|Wheel Speed RR:0
1634776336.577|Steering Angle One:3737.5
1634776336.585|Accelerator Position Percent:0.3921568627450981
1634776336.585|Throttle Position:8.23529411764706
1634776336.585|321:[132, 38, 211, 41, 0, 128, 190, 8]
1634776336.586|322:[132, 38, 0, 0, 0, 0, 0, 0]
1634776336.586|324:[192, 0, 0, 85, 38, 164, 160, 0]
1634776336.586|864:[0, 0, 64, 64, 218, 0, 1, 0]
1634776336.586|865:[6, 9, 0, 216, 42, 48, 122, 107]
1634776336.587|1088:[66, 2, 0, 0, 0, 0, 0, 0]
1634776336.587|342:[0, 128, 0, 0, 0, 0, 0, 0]
1634776336.587|Steering Angle One:3737.5
1634776336.591|338:[240, 215, 0, 0, 0, 1, 8, 0]
1634776336.592|880:[0, 0, 35, 1, 0, 8, 0, 0]
1634776336.595|Accelerator Position Percent:0.3921568627450981
1634776336.595|Throttle Position:8.23529411764706
1634776336.595|321:[132, 38, 211, 41, 0, 128, 190, 8]
1634776336.596|Steering Angle Two:8.1
1634776336.596|:-0.0
1634776336.596|:51.0
1634776336.596|:-25.5
1634776336.596|Speed:0
1634776336.596|Brake Pressure:0.0
1634776336.596|210:[0, 0, 255, 255, 0, 0, 0, 0]
1634776336.596|211:[0, 0, 6, 192, 100, 0, 0, 155]
1634776336.597|Wheel Speed FL:0
1634776336.597|Wheel Speed FR:0
1634776336.597|Wheel Speed RL:0
1634776336.597|Wheel Speed RR:0
1634776336.597|322:[132, 38, 0, 0, 0, 0, 0, 0]
1634776336.597|Steering Angle One:3737.5
1634776336.604|342:[0, 128, 0, 0, 0, 0, 0, 0]
1634776336.605|Accelerator Position Percent:0.3921568627450981
1634776336.605|Throttle Position:8.23529411764706
1634776336.605|321:[132, 38, 211, 41, 0, 128, 190, 8]
1634776336.606|322:[132, 38, 0, 0, 0, 0, 0, 0]
1634776336.606|324:[192, 0, 0, 85, 38, 164, 160, 0]
1634776336.606|338:[240, 231, 0, 0, 0, 1, 8, 0]
1634776336.607|Steering Angle One:3737.5
1634776336.615|Accelerator Position Percent:0.3921568627450981
1634776336.615|Throttle Position:8.23529411764706
1634776336.615|321:[132, 38, 211, 41, 0, 128, 190, 8]
1634776336.616|Steering Angle Two:8.1
1634776336.616|:-0.0
1634776336.616|:51.0
1634776336.616|:-25.5
1634776336.616|Speed:0
1634776336.616|Brake Pressure:0.0
1634776336.616|210:[0, 0, 255, 255, 0, 0, 0, 0]
1634776336.616|211:[0, 0, 6, 192, 100, 0, 0, 156]
1634776336.617|Wheel Speed FL:0
1634776336.617|Wheel Speed FR:0
1634776336.617|Wheel Speed RL:0
1634776336.617|Wheel Speed RR:0
1634776336.617|322:[132, 38, 0, 0, 0, 0, 0, 0]
1634776336.617|Steering Angle One:3737.5
1634776336.617|884:[0, 0, 0, 1, 0, 0, 0, 0]
1634776336.621|882:[0, 192, 1, 0, 0, 0, 0, 0]
1634776336.624|342:[0, 128, 0, 0, 0, 0, 0, 0]
1634776336.625|Accelerator Position Percent:0.3921568627450981
1634776336.625|Throttle Position:8.23529411764706
1634776336.625|321:[132, 38, 211, 41, 0, 128, 190, 8]
1634776336.626|322:[132, 38, 0, 0, 0, 0, 0, 0]
1634776336.626|324:[192, 0, 0, 85, 38, 164, 160, 0]
1634776336.626|338:[240, 247, 0, 0, 0, 1, 8, 0]
1634776336.627|Steering Angle One:3737.5
1634776336.635|642:[119, 178, 75, 128, 128, 1, 32, 0]
1634776336.635|Accelerator Position Percent:0.3921568627450981
1634776336.635|Throttle Position:8.23529411764706
1634776336.635|321:[132, 38, 211, 41, 0, 128, 190, 8]
1634776336.636|322:[132, 38, 0, 0, 0, 0, 0, 0]
1634776336.636|Steering Angle Two:8.1
1634776336.636|:-0.0
1634776336.636|:51.0
1634776336.636|:-25.5
1634776336.636|Speed:0
1634776336.636|Brake Pressure:0.0
1634776336.636|210:[0, 0, 255, 255, 0, 0, 0, 0]
1634776336.637|211:[0, 0, 6, 192, 100, 0, 0, 157]
1634776336.637|Wheel Speed FL:0
1634776336.637|Wheel Speed FR:0
1634776336.637|Wheel Speed RL:0
1634776336.637|Wheel Speed RR:0
1634776336.637|Steering Angle One:3737.5
1634776336.637|864:[0, 0, 64, 64, 218, 0, 1, 0]
1634776336.638|865:[6, 9, 0, 216, 43, 112, 122, 107]
1634776336.638|885:[0, 1, 0, 4, 0, 0, 0, 16]
1634776336.642|880:[0, 0, 35, 1, 0, 9, 0, 0]
1634776336.645|Accelerator Position Percent:0.3921568627450981
1634776336.645|Throttle Position:8.23529411764706
1634776336.645|321:[132, 38, 211, 41, 0, 128, 190, 8]
1634776336.646|322:[132, 38, 0, 0, 0, 0, 0, 0]
1634776336.646|324:[192, 0, 0, 85, 38, 164, 160, 0]
1634776336.646|338:[240, 7, 0, 0, 0, 1, 8, 0]
1634776336.647|342:[0, 128, 0, 0, 0, 0, 0, 0]
1634776336.647|Steering Angle One:3737.5
1634776336.655|Accelerator Position Percent:0.3921568627450981
1634776336.655|Throttle Position:8.23529411764706
1634776336.656|321:[132, 38, 211, 41, 0, 128, 190, 8]
1634776336.656|Steering Angle Two:8.1
1634776336.656|:-0.0
1634776336.656|:51.0
1634776336.656|:-25.5
1634776336.656|Speed:0
1634776336.656|Brake Pressure:0.0
1634776336.656|210:[0, 0, 255, 255, 0, 0, 0, 0]
1634776336.656|211:[0, 0, 6, 192, 100, 0, 0, 158]
1634776336.657|Wheel Speed FL:0
1634776336.657|Wheel Speed FR:0
1634776336.657|Wheel Speed RL:0
1634776336.657|Wheel Speed RR:0
1634776336.657|322:[132, 38, 0, 0, 0, 0, 0, 0]
1634776336.657|Steering Angle One:3737.5
1634776336.657|1595:[0, 0, 26, 123, 0, 0, 40, 238]
1634776336.664|342:[0, 128, 0, 0, 0, 0, 0, 0]
1634776336.665|Accelerator Position Percent:0.3921568627450981
1634776336.665|Throttle Position:8.23529411764706
1634776336.665|321:[132, 38, 211, 41, 0, 128, 190, 8]
1634776336.666|322:[132, 38, 0, 0, 0, 0, 0, 0]
1634776336.666|324:[192, 0, 0, 85, 38, 164, 160, 0]
1634776336.666|338:[240, 23, 0, 0, 0, 1, 8, 0]
1634776336.667|Steering Angle One:3737.5
1634776336.675|Accelerator Position Percent:0.3921568627450981
1634776336.675|Throttle Position:8.23529411764706
1634776336.676|321:[132, 38, 211, 41, 0, 128, 190, 8]
1634776336.676|Steering Angle Two:8.1
1634776336.676|:-0.0
1634776336.676|:51.0
1634776336.676|:-25.5
1634776336.676|Speed:0
1634776336.676|Brake Pressure:0.0
1634776336.676|210:[0, 0, 255, 255, 0, 0, 0, 0]
1634776336.676|211:[0, 0, 6, 192, 100, 0, 0, 159]
1634776336.677|Wheel Speed FL:0
1634776336.677|Wheel Speed FR:0
1634776336.677|Wheel Speed RL:0
1634776336.677|Wheel Speed RR:0
1634776336.677|322:[132, 38, 0, 0, 0, 0, 0, 0]
1634776336.677|Steering Angle One:3737.5
1634776336.683|1090:[64, 2, 0, 0, 0, 0, 0, 0]
1634776336.684|342:[0, 128, 0, 0, 0, 0, 0, 0]
1634776336.685|Accelerator Position Percent:0.3921568627450981
1634776336.685|Throttle Position:8.23529411764706
1634776336.685|321:[132, 38, 211, 41, 0, 128, 190, 8]
1634776336.686|322:[132, 38, 0, 0, 0, 0, 0, 0]
1634776336.686|324:[192, 0, 0, 85, 38, 164, 160, 0]
1634776336.686|338:[240, 39, 0, 0, 0, 1, 8, 0]
1634776336.686|864:[0, 0, 64, 64, 218, 0, 1, 0]
1634776336.687|865:[6, 9, 0, 216, 44, 96, 122, 108]
1634776336.687|Steering Angle One:3737.5
1634776336.693|880:[0, 0, 35, 1, 0, 10, 0, 0]
1634776336.695|642:[119, 194, 75, 128, 128, 1, 32, 0]
1634776336.695|Accelerator Position Percent:0.3921568627450981
1634776336.695|Throttle Position:8.23529411764706
1634776336.695|321:[132, 38, 211, 41, 0, 128, 190, 8]
1634776336.696|Steering Angle Two:8.1
1634776336.696|:-0.0
1634776336.696|:51.0
1634776336.696|:-25.5
1634776336.696|Speed:0
1634776336.696|Brake Pressure:0.0
1634776336.696|210:[0, 0, 255, 255, 0, 0, 0, 0]
1634776336.696|211:[0, 0, 6, 192, 100, 0, 0, 160]
1634776336.697|Wheel Speed FL:0
1634776336.697|Wheel Speed FR:0
1634776336.697|Wheel Speed RL:0
1634776336.697|Wheel Speed RR:0
1634776336.697|322:[132, 38, 0, 0, 0, 0, 0, 0]
1634776336.697|Steering Angle One:3737.5
1634776336.705|Accelerator Position Percent:0.3921568627450981
1634776336.705|Throttle Position:8.23529411764706
1634776336.705|321:[132, 38, 211, 41, 0, 128, 190, 8]
1634776336.706|322:[132, 38, 0, 0, 0, 0, 0, 0]
1634776336.706|324:[192, 0, 0, 85, 38, 164, 160, 0]
1634776336.706|338:[240, 55, 0, 0, 0, 1, 8, 0]
1634776336.707|342:[0, 128, 0, 0, 0, 0, 0, 0]
1634776336.707|Steering Angle One:3737.5
1634776336.715|Accelerator Position Percent:0.3921568627450981
1634776336.715|Throttle Position:8.23529411764706
1634776336.715|321:[132, 38, 211, 41, 0, 128, 190, 8]
1634776336.716|Steering Angle Two:8.1
1634776336.716|:-0.0
1634776336.716|:51.0
1634776336.716|:-25.5
1634776336.716|Speed:0
1634776336.716|Brake Pressure:0.0
1634776336.716|210:[0, 0, 255, 255, 0, 0, 0, 0]
1634776336.716|211:[0, 0, 6, 192, 100, 0, 0, 161]
1634776336.717|Wheel Speed FL:0
1634776336.717|Wheel Speed FR:0
1634776336.717|Wheel Speed RL:0
1634776336.717|Wheel Speed RR:0
1634776336.717|322:[132, 38, 0, 0, 0, 0, 0, 0]
1634776336.717|Steering Angle One:3737.5
1634776336.721|882:[0, 208, 1, 0, 0, 0, 0, 0]
1634776336.723|342:[0, 128, 0, 0, 0, 0, 0, 0]
1634776336.725|Accelerator Position Percent:0.3921568627450981
1634776336.725|Throttle Position:8.23529411764706
1634776336.725|321:[132, 38, 211, 41, 0, 128, 190, 8]
1634776336.726|322:[132, 38, 0, 0, 0, 0, 0, 0]
1634776336.726|324:[192, 0, 0, 85, 38, 164, 160, 0]
1634776336.726|338:[240, 71, 0, 0, 0, 1, 8, 0]
1634776336.727|Steering Angle One:3737.5
1634776336.735|Accelerator Position Percent:0.3921568627450981
1634776336.735|Throttle Position:8.23529411764706
1634776336.735|321:[132, 38, 211, 41, 0, 128, 190, 8]
1634776336.736|Steering Angle Two:8.1
1634776336.736|:-0.0
1634776336.736|:51.0
1634776336.736|:-25.5
1634776336.736|Speed:0
1634776336.736|Brake Pressure:0.0
1634776336.736|210:[0, 0, 255, 255, 0, 0, 0, 0]
1634776336.736|211:[0, 0, 6, 192, 100, 0, 0, 162]
1634776336.737|Wheel Speed FL:0
1634776336.737|Wheel Speed FR:0
1634776336.737|Wheel Speed RL:0
1634776336.737|Wheel Speed RR:0
1634776336.737|322:[132, 38, 0, 0, 0, 0, 0, 0]
1634776336.737|Steering Angle One:3737.5
1634776336.737|864:[0, 0, 64, 64, 218, 0, 1, 0]
1634776336.738|865:[6, 9, 0, 216, 45, 80, 122, 107]
1634776336.743|880:[0, 0, 35, 1, 0, 11, 0, 0]
1634776336.744|342:[0, 128, 0, 0, 0, 0, 0, 0]
1634776336.745|Accelerator Position Percent:0.3921568627450981
1634776336.745|Throttle Position:8.23529411764706
1634776336.745|321:[132, 38, 211, 41, 0, 128, 190, 8]
1634776336.746|322:[132, 38, 0, 0, 0, 0, 0, 0]
1634776336.746|324:[192, 0, 0, 85, 38, 164, 160, 0]
1634776336.746|338:[240, 87, 0, 0, 0, 1, 8, 0]
1634776336.747|Steering Angle One:3737.5
1634776336.755|642:[119, 210, 75, 128, 128, 1, 32, 0]
1634776336.755|Accelerator Position Percent:0.3921568627450981
1634776336.755|Throttle Position:8.23529411764706
1634776336.755|321:[132, 38, 211, 41, 0, 128, 190, 8]
1634776336.756|Steering Angle Two:8.1
1634776336.756|:-0.0
1634776336.756|:51.0
1634776336.756|:-25.5
1634776336.756|Speed:0
1634776336.756|Brake Pressure:0.0
1634776336.756|210:[0, 0, 255, 255, 0, 0, 0, 0]
1634776336.756|211:[0, 0, 6, 192, 100, 0, 0, 163]
1634776336.757|Wheel Speed FL:0
1634776336.757|Wheel Speed FR:0
1634776336.757|Wheel Speed RL:0
1634776336.757|Wheel Speed RR:0
1634776336.757|322:[132, 38, 0, 0, 0, 0, 0, 0]
1634776336.757|Steering Angle One:3737.5
1634776336.765|Accelerator Position Percent:0.3921568627450981
1634776336.765|Throttle Position:8.23529411764706
1634776336.765|321:[132, 38, 211, 41, 0, 128, 190, 8]
1634776336.766|322:[132, 38, 0, 0, 0, 0, 0, 0]
1634776336.766|324:[192, 0, 0, 85, 38, 164, 160, 0]
1634776336.766|338:[240, 103, 0, 0, 0, 1, 8, 0]
1634776336.767|342:[0, 128, 0, 0, 0, 0, 0, 0]
1634776336.767|Steering Angle One:3737.5
1634776336.775|Accelerator Position Percent:0.3921568627450981
1634776336.775|Throttle Position:8.23529411764706
1634776336.775|321:[132, 38, 211, 41, 0, 128, 190, 8]
1634776336.776|Steering Angle Two:8.1
1634776336.776|:-0.0
1634776336.776|:51.0
1634776336.776|:-25.5
1634776336.776|Speed:0
1634776336.776|Brake Pressure:0.0
1634776336.776|210:[0, 0, 255, 255, 0, 0, 0, 0]
1634776336.776|211:[0, 0, 6, 192, 100, 0, 0, 164]
1634776336.777|Wheel Speed FL:0
1634776336.777|Wheel Speed FR:0
1634776336.777|Wheel Speed RL:0
1634776336.777|Wheel Speed RR:0
1634776336.777|322:[132, 38, 0, 0, 0, 0, 0, 0]
1634776336.777|Steering Angle One:3737.5
1634776336.777|1088:[66, 2, 0, 0, 0, 0, 0, 0]
1634776336.783|342:[0, 128, 0, 0, 0, 0, 0, 0]
1634776336.785|Accelerator Position Percent:0.3921568627450981
1634776336.785|Throttle Position:8.23529411764706
1634776336.785|321:[132, 38, 211, 41, 0, 128, 190, 8]
1634776336.786|322:[132, 38, 0, 0, 0, 0, 0, 0]
1634776336.786|324:[192, 0, 0, 85, 38, 164, 160, 0]
1634776336.786|338:[240, 119, 0, 0, 0, 1, 8, 0]
1634776336.786|864:[0, 0, 64, 64, 218, 0, 1, 0]
1634776336.787|865:[6, 9, 0, 216, 46, 80, 122, 108]
1634776336.787|Steering Angle One:3737.5
1634776336.794|880:[0, 0, 35, 1, 0, 12, 0, 0]
1634776336.795|Accelerator Position Percent:0.3921568627450981
1634776336.795|Throttle Position:8.23529411764706
1634776336.795|321:[132, 38, 211, 41, 0, 128, 190, 8]
1634776336.796|Steering Angle Two:8.1
1634776336.796|:-0.0
1634776336.796|:51.0
1634776336.796|:-25.5
1634776336.796|Speed:0
1634776336.796|Brake Pressure:0.0
1634776336.796|210:[0, 0, 255, 255, 0, 0, 0, 0]
1634776336.796|211:[0, 0, 6, 192, 100, 0, 0, 165]
1634776336.797|Wheel Speed FL:0
1634776336.797|Wheel Speed FR:0
1634776336.797|Wheel Speed RL:0
1634776336.797|Wheel Speed RR:0
1634776336.797|322:[132, 38, 0, 0, 0, 0, 0, 0]
1634776336.797|Steering Angle One:3737.5
1634776336.803|342:[0, 128, 0, 0, 0, 0, 0, 0]
1634776336.805|Accelerator Position Percent:0.3921568627450981
1634776336.805|Throttle Position:8.23529411764706
1634776336.805|321:[132, 38, 211, 41, 0, 128, 190, 8]
1634776336.806|322:[132, 38, 0, 0, 0, 0, 0, 0]
1634776336.806|324:[192, 0, 0, 85, 38, 164, 160, 0]
1634776336.806|338:[240, 135, 0, 0, 0, 1, 8, 0]
1634776336.807|Steering Angle One:3737.5
